0	10
0.001	9.98996
0.002	9.97992
0.003	9.9699
0.004	9.95988
0.005	9.94988
0.006	9.93988
0.007	9.9299
0.008	9.91992
0.009	9.90996
0.01	9.9
0.011	9.89006
0.012	9.88012
0.013	9.8702
0.014	9.86028
0.015	9.85037
0.016	9.84048
0.017	9.83059
0.018	9.82072
0.019	9.81085
0.02	9.801
0.021	9.79115
0.022	9.78131
0.023	9.77149
0.024	9.76167
0.025	9.75186
0.026	9.74207
0.027	9.73228
0.028	9.7225
0.029	9.71274
0.03	9.70298
0.031	9.69323
0.032	9.68349
0.033	9.67376
0.034	9.66404
0.035	9.65433
0.036	9.64463
0.037	9.63494
0.038	9.62526
0.039	9.61559
0.04	9.60593
0.041	9.59628
0.042	9.58664
0.043	9.57701
0.044	9.56739
0.045	9.55777
0.046	9.54817
0.047	9.53858
0.048	9.52899
0.049	9.51942
0.05	9.50985
0.051	9.5003
0.052	9.49075
0.053	9.48122
0.054	9.47169
0.055	9.46217
0.056	9.45267
0.057	9.44317
0.058	9.43368
0.059	9.4242
0.06	9.41473
0.061	9.40527
0.062	9.39582
0.063	9.38638
0.064	9.37695
0.065	9.36753
0.066	9.35811
0.067	9.34871
0.068	9.33932
0.069	9.32993
0.07	9.32056
0.071	9.31119
0.072	9.30183
0.073	9.29249
0.074	9.28315
0.075	9.27382
0.076	9.2645
0.077	9.25519
0.078	9.24589
0.079	9.2366
0.08	9.22732
0.081	9.21804
0.082	9.20878
0.083	9.19953
0.084	9.19028
0.085	9.18105
0.086	9.17182
0.087	9.1626
0.088	9.15339
0.089	9.14419
0.09	9.135
0.091	9.12582
0.092	9.11665
0.093	9.10749
0.094	9.09834
0.095	9.08919
0.096	9.08006
0.097	9.07093
0.098	9.06182
0.099	9.05271
0.1	9.04361
0.101	9.03452
0.102	9.02544
0.103	9.01637
0.104	9.00731
0.105	8.99826
0.106	8.98921
0.107	8.98018
0.108	8.97115
0.109	8.96214
0.11	8.95313
0.111	8.94413
0.112	8.93514
0.113	8.92616
0.114	8.91719
0.115	8.90822
0.116	8.89927
0.117	8.89032
0.118	8.88139
0.119	8.87246
0.12	8.86354
0.121	8.85463
0.122	8.84573
0.123	8.83684
0.124	8.82796
0.125	8.81909
0.126	8.81022
0.127	8.80137
0.128	8.79252
0.129	8.78368
0.13	8.77485
0.131	8.76603
0.132	8.75722
0.133	8.74842
0.134	8.73962
0.135	8.73084
0.136	8.72206
0.137	8.71329
0.138	8.70453
0.139	8.69578
0.14	8.68704
0.141	8.67831
0.142	8.66958
0.143	8.66087
0.144	8.65216
0.145	8.64346
0.146	8.63478
0.147	8.62609
0.148	8.61742
0.149	8.60876
0.15	8.6001
0.151	8.59146
0.152	8.58282
0.153	8.57419
0.154	8.56557
0.155	8.55696
0.156	8.54836
0.157	8.53976
0.158	8.53118
0.159	8.5226
0.16	8.51403
0.161	8.50547
0.162	8.49692
0.163	8.48838
0.164	8.47985
0.165	8.47132
0.166	8.4628
0.167	8.45429
0.168	8.44579
0.169	8.4373
0.17	8.42882
0.171	8.42034
0.172	8.41188
0.173	8.40342
0.174	8.39497
0.175	8.38653
0.176	8.3781
0.177	8.36967
0.178	8.36126
0.179	8.35285
0.18	8.34445
0.181	8.33606
0.182	8.32768
0.183	8.31931
0.184	8.31094
0.185	8.30258
0.186	8.29423
0.187	8.28589
0.188	8.27756
0.189	8.26924
0.19	8.26092
0.191	8.25262
0.192	8.24432
0.193	8.23603
0.194	8.22775
0.195	8.21947
0.196	8.21121
0.197	8.20295
0.198	8.1947
0.199	8.18646
0.2	8.17823
0.201	8.17
0.202	8.16179
0.203	8.15358
0.204	8.14538
0.205	8.13719
0.206	8.129
0.207	8.12083
0.208	8.11266
0.209	8.1045
0.21	8.09635
0.211	8.08821
0.212	8.08008
0.213	8.07195
0.214	8.06383
0.215	8.05572
0.216	8.04762
0.217	8.03953
0.218	8.03144
0.219	8.02336
0.22	8.01529
0.221	8.00723
0.222	7.99918
0.223	7.99113
0.224	7.9831
0.225	7.97507
0.226	7.96704
0.227	7.95903
0.228	7.95103
0.229	7.94303
0.23	7.93504
0.231	7.92706
0.232	7.91909
0.233	7.91112
0.234	7.90316
0.235	7.89521
0.236	7.88727
0.237	7.87934
0.238	7.87141
0.239	7.8635
0.24	7.85559
0.241	7.84768
0.242	7.83979
0.243	7.8319
0.244	7.82403
0.245	7.81616
0.246	7.80829
0.247	7.80044
0.248	7.79259
0.249	7.78475
0.25	7.77692
0.251	7.7691
0.252	7.76128
0.253	7.75348
0.254	7.74568
0.255	7.73788
0.256	7.7301
0.257	7.72232
0.258	7.71455
0.259	7.70679
0.26	7.69904
0.261	7.69129
0.262	7.68356
0.263	7.67583
0.264	7.6681
0.265	7.66039
0.266	7.65268
0.267	7.64498
0.268	7.63729
0.269	7.62961
0.27	7.62193
0.271	7.61427
0.272	7.6066
0.273	7.59895
0.274	7.59131
0.275	7.58367
0.276	7.57604
0.277	7.56842
0.278	7.5608
0.279	7.55319
0.28	7.54559
0.281	7.538
0.282	7.53042
0.283	7.52284
0.284	7.51527
0.285	7.50771
0.286	7.50016
0.287	7.49261
0.288	7.48507
0.289	7.47754
0.29	7.47001
0.291	7.4625
0.292	7.45499
0.293	7.44749
0.294	7.43999
0.295	7.43251
0.296	7.42503
0.297	7.41756
0.298	7.41009
0.299	7.40264
0.3	7.39519
0.301	7.38774
0.302	7.38031
0.303	7.37288
0.304	7.36546
0.305	7.35805
0.306	7.35065
0.307	7.34325
0.308	7.33586
0.309	7.32848
0.31	7.3211
0.311	7.31374
0.312	7.30637
0.313	7.29902
0.314	7.29168
0.315	7.28434
0.316	7.27701
0.317	7.26968
0.318	7.26237
0.319	7.25506
0.32	7.24776
0.321	7.24046
0.322	7.23317
0.323	7.2259
0.324	7.21862
0.325	7.21136
0.326	7.2041
0.327	7.19685
0.328	7.18961
0.329	7.18237
0.33	7.17514
0.331	7.16792
0.332	7.1607
0.333	7.1535
0.334	7.1463
0.335	7.1391
0.336	7.13192
0.337	7.12474
0.338	7.11757
0.339	7.1104
0.34	7.10325
0.341	7.0961
0.342	7.08895
0.343	7.08182
0.344	7.07469
0.345	7.06757
0.346	7.06045
0.347	7.05335
0.348	7.04625
0.349	7.03915
0.35	7.03207
0.351	7.02499
0.352	7.01792
0.353	7.01085
0.354	7.00379
0.355	6.99674
0.356	6.9897
0.357	6.98266
0.358	6.97563
0.359	6.96861
0.36	6.9616
0.361	6.95459
0.362	6.94759
0.363	6.94059
0.364	6.9336
0.365	6.92662
0.366	6.91965
0.367	6.91268
0.368	6.90572
0.369	6.89877
0.37	6.89183
0.371	6.88489
0.372	6.87796
0.373	6.87103
0.374	6.86411
0.375	6.8572
0.376	6.8503
0.377	6.8434
0.378	6.83651
0.379	6.82963
0.38	6.82275
0.381	6.81588
0.382	6.80902
0.383	6.80216
0.384	6.79531
0.385	6.78847
0.386	6.78164
0.387	6.77481
0.388	6.76799
0.389	6.76117
0.39	6.75436
0.391	6.74756
0.392	6.74077
0.393	6.73398
0.394	6.7272
0.395	6.72042
0.396	6.71366
0.397	6.7069
0.398	6.70014
0.399	6.6934
0.4	6.68665
0.401	6.67992
0.402	6.67319
0.403	6.66647
0.404	6.65976
0.405	6.65305
0.406	6.64635
0.407	6.63966
0.408	6.63297
0.409	6.62629
0.41	6.61962
0.411	6.61295
0.412	6.60629
0.413	6.59964
0.414	6.59299
0.415	6.58635
0.416	6.57972
0.417	6.57309
0.418	6.56647
0.419	6.55986
0.42	6.55325
0.421	6.54665
0.422	6.54006
0.423	6.53347
0.424	6.52689
0.425	6.52032
0.426	6.51375
0.427	6.50719
0.428	6.50064
0.429	6.49409
0.43	6.48755
0.431	6.48101
0.432	6.47448
0.433	6.46796
0.434	6.46145
0.435	6.45494
0.436	6.44844
0.437	6.44194
0.438	6.43545
0.439	6.42897
0.44	6.42249
0.441	6.41602
0.442	6.40956
0.443	6.4031
0.444	6.39665
0.445	6.39021
0.446	6.38377
0.447	6.37734
0.448	6.37092
0.449	6.3645
0.45	6.35809
0.451	6.35168
0.452	6.34528
0.453	6.33889
0.454	6.3325
0.455	6.32613
0.456	6.31975
0.457	6.31339
0.458	6.30702
0.459	6.30067
0.46	6.29432
0.461	6.28798
0.462	6.28165
0.463	6.27532
0.464	6.26899
0.465	6.26268
0.466	6.25637
0.467	6.25006
0.468	6.24377
0.469	6.23748
0.47	6.23119
0.471	6.22491
0.472	6.21864
0.473	6.21238
0.474	6.20612
0.475	6.19986
0.476	6.19362
0.477	6.18737
0.478	6.18114
0.479	6.17491
0.48	6.16869
0.481	6.16247
0.482	6.15626
0.483	6.15006
0.484	6.14386
0.485	6.13767
0.486	6.13149
0.487	6.12531
0.488	6.11913
0.489	6.11297
0.49	6.10681
0.491	6.10065
0.492	6.09451
0.493	6.08836
0.494	6.08223
0.495	6.0761
0.496	6.06998
0.497	6.06386
0.498	6.05775
0.499	6.05164
0.5	6.04554
0.501	6.03945
0.502	6.03336
0.503	6.02728
0.504	6.02121
0.505	6.01514
0.506	6.00908
0.507	6.00302
0.508	5.99697
0.509	5.99093
0.51	5.98489
0.511	5.97886
0.512	5.97283
0.513	5.96681
0.514	5.96079
0.515	5.95479
0.516	5.94878
0.517	5.94279
0.518	5.9368
0.519	5.93081
0.52	5.92484
0.521	5.91886
0.522	5.9129
0.523	5.90694
0.524	5.90098
0.525	5.89503
0.526	5.88909
0.527	5.88315
0.528	5.87722
0.529	5.8713
0.53	5.86538
0.531	5.85947
0.532	5.85356
0.533	5.84766
0.534	5.84176
0.535	5.83588
0.536	5.82999
0.537	5.82411
0.538	5.81824
0.539	5.81238
0.54	5.80652
0.541	5.80066
0.542	5.79482
0.543	5.78897
0.544	5.78314
0.545	5.77731
0.546	5.77148
0.547	5.76566
0.548	5.75985
0.549	5.75404
0.55	5.74824
0.551	5.74244
0.552	5.73665
0.553	5.73087
0.554	5.72509
0.555	5.71932
0.556	5.71355
0.557	5.70779
0.558	5.70204
0.559	5.69629
0.56	5.69054
0.561	5.6848
0.562	5.67907
0.563	5.67335
0.564	5.66762
0.565	5.66191
0.566	5.6562
0.567	5.6505
0.568	5.6448
0.569	5.63911
0.57	5.63342
0.571	5.62774
0.572	5.62206
0.573	5.61639
0.574	5.61073
0.575	5.60507
0.576	5.59942
0.577	5.59377
0.578	5.58813
0.579	5.58249
0.58	5.57686
0.581	5.57124
0.582	5.56562
0.583	5.56001
0.584	5.5544
0.585	5.5488
0.586	5.5432
0.587	5.53761
0.588	5.53202
0.589	5.52644
0.59	5.52087
0.591	5.5153
0.592	5.50974
0.593	5.50418
0.594	5.49863
0.595	5.49308
0.596	5.48754
0.597	5.48201
0.598	5.47648
0.599	5.47095
0.6	5.46544
0.601	5.45992
0.602	5.45441
0.603	5.44891
0.604	5.44342
0.605	5.43792
0.606	5.43244
0.607	5.42696
0.608	5.42148
0.609	5.41601
0.61	5.41055
0.611	5.40509
0.612	5.39964
0.613	5.39419
0.614	5.38875
0.615	5.38331
0.616	5.37788
0.617	5.37246
0.618	5.36704
0.619	5.36162
0.62	5.35621
0.621	5.35081
0.622	5.34541
0.623	5.34002
0.624	5.33463
0.625	5.32925
0.626	5.32387
0.627	5.3185
0.628	5.31313
0.629	5.30777
0.63	5.30242
0.631	5.29707
0.632	5.29172
0.633	5.28638
0.634	5.28105
0.635	5.27572
0.636	5.27039
0.637	5.26508
0.638	5.25976
0.639	5.25446
0.64	5.24915
0.641	5.24386
0.642	5.23857
0.643	5.23328
0.644	5.228
0.645	5.22272
0.646	5.21745
0.647	5.21219
0.648	5.20693
0.649	5.20167
0.65	5.19642
0.651	5.19118
0.652	5.18594
0.653	5.1807
0.654	5.17548
0.655	5.17025
0.656	5.16503
0.657	5.15982
0.658	5.15461
0.659	5.14941
0.66	5.14421
0.661	5.13902
0.662	5.13384
0.663	5.12865
0.664	5.12348
0.665	5.11831
0.666	5.11314
0.667	5.10798
0.668	5.10282
0.669	5.09767
0.67	5.09253
0.671	5.08739
0.672	5.08225
0.673	5.07712
0.674	5.07199
0.675	5.06688
0.676	5.06176
0.677	5.05665
0.678	5.05155
0.679	5.04645
0.68	5.04135
0.681	5.03626
0.682	5.03118
0.683	5.0261
0.684	5.02103
0.685	5.01596
0.686	5.01089
0.687	5.00583
0.688	5.00078
0.689	4.99573
0.69	4.99069
0.691	4.98565
0.692	4.98062
0.693	4.97559
0.694	4.97056
0.695	4.96554
0.696	4.96053
0.697	4.95552
0.698	4.95052
0.699	4.94552
0.7	4.94053
0.701	4.93554
0.702	4.93055
0.703	4.92558
0.704	4.9206
0.705	4.91563
0.706	4.91067
0.707	4.90571
0.708	4.90076
0.709	4.89581
0.71	4.89087
0.711	4.88593
0.712	4.88099
0.713	4.87606
0.714	4.87114
0.715	4.86622
0.716	4.86131
0.717	4.8564
0.718	4.85149
0.719	4.84659
0.72	4.8417
0.721	4.83681
0.722	4.83192
0.723	4.82704
0.724	4.82217
0.725	4.8173
0.726	4.81243
0.727	4.80757
0.728	4.80272
0.729	4.79787
0.73	4.79302
0.731	4.78818
0.732	4.78334
0.733	4.77851
0.734	4.77368
0.735	4.76886
0.736	4.76405
0.737	4.75923
0.738	4.75443
0.739	4.74962
0.74	4.74483
0.741	4.74003
0.742	4.73524
0.743	4.73046
0.744	4.72568
0.745	4.72091
0.746	4.71614
0.747	4.71138
0.748	4.70662
0.749	4.70186
0.75	4.69711
0.751	4.69237
0.752	4.68762
0.753	4.68289
0.754	4.67816
0.755	4.67343
0.756	4.66871
0.757	4.66399
0.758	4.65928
0.759	4.65457
0.76	4.64987
0.761	4.64517
0.762	4.64048
0.763	4.63579
0.764	4.63111
0.765	4.62643
0.766	4.62175
0.767	4.61708
0.768	4.61242
0.769	4.60776
0.77	4.6031
0.771	4.59845
0.772	4.5938
0.773	4.58916
0.774	4.58452
0.775	4.57989
0.776	4.57526
0.777	4.57064
0.778	4.56602
0.779	4.56141
0.78	4.5568
0.781	4.55219
0.782	4.54759
0.783	4.543
0.784	4.5384
0.785	4.53382
0.786	4.52924
0.787	4.52466
0.788	4.52008
0.789	4.51552
0.79	4.51095
0.791	4.50639
0.792	4.50184
0.793	4.49729
0.794	4.49274
0.795	4.4882
0.796	4.48367
0.797	4.47913
0.798	4.47461
0.799	4.47008
0.8	4.46557
0.801	4.46105
0.802	4.45654
0.803	4.45204
0.804	4.44754
0.805	4.44304
0.806	4.43855
0.807	4.43406
0.808	4.42958
0.809	4.4251
0.81	4.42063
0.811	4.41616
0.812	4.4117
0.813	4.40724
0.814	4.40278
0.815	4.39833
0.816	4.39388
0.817	4.38944
0.818	4.385
0.819	4.38057
0.82	4.37614
0.821	4.37172
0.822	4.3673
0.823	4.36288
0.824	4.35847
0.825	4.35406
0.826	4.34966
0.827	4.34526
0.828	4.34087
0.829	4.33648
0.83	4.33209
0.831	4.32771
0.832	4.32334
0.833	4.31897
0.834	4.3146
0.835	4.31024
0.836	4.30588
0.837	4.30152
0.838	4.29717
0.839	4.29283
0.84	4.28849
0.841	4.28415
0.842	4.27982
0.843	4.27549
0.844	4.27116
0.845	4.26684
0.846	4.26253
0.847	4.25822
0.848	4.25391
0.849	4.24961
0.85	4.24531
0.851	4.24102
0.852	4.23673
0.853	4.23244
0.854	4.22816
0.855	4.22389
0.856	4.21961
0.857	4.21534
0.858	4.21108
0.859	4.20682
0.86	4.20257
0.861	4.19832
0.862	4.19407
0.863	4.18983
0.864	4.18559
0.865	4.18135
0.866	4.17712
0.867	4.1729
0.868	4.16868
0.869	4.16446
0.87	4.16025
0.871	4.15604
0.872	4.15183
0.873	4.14763
0.874	4.14344
0.875	4.13925
0.876	4.13506
0.877	4.13087
0.878	4.12669
0.879	4.12252
0.88	4.11835
0.881	4.11418
0.882	4.11002
0.883	4.10586
0.884	4.10171
0.885	4.09756
0.886	4.09341
0.887	4.08927
0.888	4.08513
0.889	4.081
0.89	4.07687
0.891	4.07274
0.892	4.06862
0.893	4.0645
0.894	4.06039
0.895	4.05628
0.896	4.05218
0.897	4.04808
0.898	4.04398
0.899	4.03989
0.9	4.0358
0.901	4.03171
0.902	4.02763
0.903	4.02356
0.904	4.01949
0.905	4.01542
0.906	4.01135
0.907	4.00729
0.908	4.00324
0.909	3.99919
0.91	3.99514
0.911	3.99109
0.912	3.98705
0.913	3.98302
0.914	3.97899
0.915	3.97496
0.916	3.97094
0.917	3.96692
0.918	3.9629
0.919	3.95889
0.92	3.95488
0.921	3.95088
0.922	3.94688
0.923	3.94288
0.924	3.93889
0.925	3.9349
0.926	3.93092
0.927	3.92694
0.928	3.92297
0.929	3.91899
0.93	3.91503
0.931	3.91106
0.932	3.9071
0.933	3.90315
0.934	3.8992
0.935	3.89525
0.936	3.8913
0.937	3.88736
0.938	3.88343
0.939	3.8795
0.94	3.87557
0.941	3.87164
0.942	3.86772
0.943	3.86381
0.944	3.85989
0.945	3.85599
0.946	3.85208
0.947	3.84818
0.948	3.84428
0.949	3.84039
0.95	3.8365
0.951	3.83262
0.952	3.82874
0.953	3.82486
0.954	3.82098
0.955	3.81711
0.956	3.81325
0.957	3.80939
0.958	3.80553
0.959	3.80167
0.96	3.79782
0.961	3.79398
0.962	3.79014
0.963	3.7863
0.964	3.78246
0.965	3.77863
0.966	3.7748
0.967	3.77098
0.968	3.76716
0.969	3.76334
0.97	3.75953
0.971	3.75572
0.972	3.75192
0.973	3.74812
0.974	3.74432
0.975	3.74053
0.976	3.73674
0.977	3.73295
0.978	3.72917
0.979	3.72539
0.98	3.72162
0.981	3.71785
0.982	3.71408
0.983	3.71032
0.984	3.70656
0.985	3.70281
0.986	3.69905
0.987	3.69531
0.988	3.69156
0.989	3.68782
0.99	3.68409
0.991	3.68035
0.992	3.67662
0.993	3.6729
0.994	3.66918
0.995	3.66546
0.996	3.66174
0.997	3.65803
0.998	3.65433
0.999	3.65062
1	3.64692
1.001	3.64323
1.002	3.63954
1.003	3.63585
1.004	3.63216
1.005	3.62848
1.006	3.62481
1.007	3.62113
1.008	3.61746
1.009	3.6138
1.01	3.61013
1.011	3.60647
1.012	3.60282
1.013	3.59917
1.014	3.59552
1.015	3.59188
1.016	3.58823
1.017	3.5846
1.018	3.58096
1.019	3.57733
1.02	3.57371
1.021	3.57009
1.022	3.56647
1.023	3.56285
1.024	3.55924
1.025	3.55563
1.026	3.55203
1.027	3.54843
1.028	3.54483
1.029	3.54124
1.03	3.53765
1.031	3.53406
1.032	3.53048
1.033	3.5269
1.034	3.52332
1.035	3.51975
1.036	3.51618
1.037	3.51261
1.038	3.50905
1.039	3.5055
1.04	3.50194
1.041	3.49839
1.042	3.49484
1.043	3.4913
1.044	3.48776
1.045	3.48422
1.046	3.48069
1.047	3.47716
1.048	3.47363
1.049	3.47011
1.05	3.46659
1.051	3.46308
1.052	3.45956
1.053	3.45606
1.054	3.45255
1.055	3.44905
1.056	3.44555
1.057	3.44206
1.058	3.43857
1.059	3.43508
1.06	3.4316
1.061	3.42811
1.062	3.42464
1.063	3.42116
1.064	3.41769
1.065	3.41423
1.066	3.41076
1.067	3.4073
1.068	3.40385
1.069	3.4004
1.07	3.39695
1.071	3.3935
1.072	3.39006
1.073	3.38662
1.074	3.38318
1.075	3.37975
1.076	3.37632
1.077	3.3729
1.078	3.36948
1.079	3.36606
1.08	3.36264
1.081	3.35923
1.082	3.35582
1.083	3.35242
1.084	3.34902
1.085	3.34562
1.086	3.34222
1.087	3.33883
1.088	3.33544
1.089	3.33206
1.09	3.32868
1.091	3.3253
1.092	3.32193
1.093	3.31856
1.094	3.31519
1.095	3.31182
1.096	3.30846
1.097	3.30511
1.098	3.30175
1.099	3.2984
1.1	3.29505
1.101	3.29171
1.102	3.28837
1.103	3.28503
1.104	3.2817
1.105	3.27837
1.106	3.27504
1.107	3.27172
1.108	3.2684
1.109	3.26508
1.11	3.26176
1.111	3.25845
1.112	3.25515
1.113	3.25184
1.114	3.24854
1.115	3.24524
1.116	3.24195
1.117	3.23866
1.118	3.23537
1.119	3.23209
1.12	3.2288
1.121	3.22553
1.122	3.22225
1.123	3.21898
1.124	3.21571
1.125	3.21245
1.126	3.20919
1.127	3.20593
1.128	3.20267
1.129	3.19942
1.13	3.19617
1.131	3.19293
1.132	3.18969
1.133	3.18645
1.134	3.18321
1.135	3.17998
1.136	3.17675
1.137	3.17352
1.138	3.1703
1.139	3.16708
1.14	3.16387
1.141	3.16065
1.142	3.15744
1.143	3.15424
1.144	3.15103
1.145	3.14783
1.146	3.14464
1.147	3.14144
1.148	3.13825
1.149	3.13507
1.15	3.13188
1.151	3.1287
1.152	3.12552
1.153	3.12235
1.154	3.11918
1.155	3.11601
1.156	3.11284
1.157	3.10968
1.158	3.10652
1.159	3.10337
1.16	3.10021
1.161	3.09706
1.162	3.09392
1.163	3.09078
1.164	3.08764
1.165	3.0845
1.166	3.08137
1.167	3.07823
1.168	3.07511
1.169	3.07198
1.17	3.06886
1.171	3.06574
1.172	3.06263
1.173	3.05952
1.174	3.05641
1.175	3.0533
1.176	3.0502
1.177	3.0471
1.178	3.04401
1.179	3.04091
1.18	3.03782
1.181	3.03474
1.182	3.03165
1.183	3.02857
1.184	3.02549
1.185	3.02242
1.186	3.01935
1.187	3.01628
1.188	3.01321
1.189	3.01015
1.19	3.00709
1.191	3.00403
1.192	3.00098
1.193	2.99793
1.194	2.99488
1.195	2.99184
1.196	2.9888
1.197	2.98576
1.198	2.98273
1.199	2.97969
1.2	2.97667
1.201	2.97364
1.202	2.97062
1.203	2.9676
1.204	2.96458
1.205	2.96157
1.206	2.95856
1.207	2.95555
1.208	2.95254
1.209	2.94954
1.21	2.94654
1.211	2.94355
1.212	2.94055
1.213	2.93756
1.214	2.93458
1.215	2.93159
1.216	2.92861
1.217	2.92564
1.218	2.92266
1.219	2.91969
1.22	2.91672
1.221	2.91375
1.222	2.91079
1.223	2.90783
1.224	2.90487
1.225	2.90192
1.226	2.89897
1.227	2.89602
1.228	2.89307
1.229	2.89013
1.23	2.88719
1.231	2.88426
1.232	2.88132
1.233	2.87839
1.234	2.87546
1.235	2.87254
1.236	2.86962
1.237	2.8667
1.238	2.86378
1.239	2.86087
1.24	2.85796
1.241	2.85505
1.242	2.85215
1.243	2.84925
1.244	2.84635
1.245	2.84345
1.246	2.84056
1.247	2.83767
1.248	2.83478
1.249	2.8319
1.25	2.82902
1.251	2.82614
1.252	2.82327
1.253	2.82039
1.254	2.81752
1.255	2.81466
1.256	2.81179
1.257	2.80893
1.258	2.80607
1.259	2.80322
1.26	2.80036
1.261	2.79752
1.262	2.79467
1.263	2.79182
1.264	2.78898
1.265	2.78615
1.266	2.78331
1.267	2.78048
1.268	2.77765
1.269	2.77482
1.27	2.772
1.271	2.76917
1.272	2.76636
1.273	2.76354
1.274	2.76073
1.275	2.75792
1.276	2.75511
1.277	2.75231
1.278	2.7495
1.279	2.74671
1.28	2.74391
1.281	2.74112
1.282	2.73833
1.283	2.73554
1.284	2.73275
1.285	2.72997
1.286	2.72719
1.287	2.72442
1.288	2.72164
1.289	2.71887
1.29	2.7161
1.291	2.71334
1.292	2.71057
1.293	2.70781
1.294	2.70506
1.295	2.7023
1.296	2.69955
1.297	2.6968
1.298	2.69406
1.299	2.69131
1.3	2.68857
1.301	2.68583
1.302	2.6831
1.303	2.68037
1.304	2.67764
1.305	2.67491
1.306	2.67219
1.307	2.66946
1.308	2.66675
1.309	2.66403
1.31	2.66132
1.311	2.65861
1.312	2.6559
1.313	2.65319
1.314	2.65049
1.315	2.64779
1.316	2.64509
1.317	2.6424
1.318	2.63971
1.319	2.63702
1.32	2.63433
1.321	2.63165
1.322	2.62897
1.323	2.62629
1.324	2.62361
1.325	2.62094
1.326	2.61827
1.327	2.6156
1.328	2.61294
1.329	2.61027
1.33	2.60761
1.331	2.60496
1.332	2.6023
1.333	2.59965
1.334	2.597
1.335	2.59436
1.336	2.59171
1.337	2.58907
1.338	2.58643
1.339	2.5838
1.34	2.58116
1.341	2.57853
1.342	2.5759
1.343	2.57328
1.344	2.57066
1.345	2.56804
1.346	2.56542
1.347	2.5628
1.348	2.56019
1.349	2.55758
1.35	2.55497
1.351	2.55237
1.352	2.54977
1.353	2.54717
1.354	2.54457
1.355	2.54198
1.356	2.53939
1.357	2.5368
1.358	2.53421
1.359	2.53163
1.36	2.52905
1.361	2.52647
1.362	2.52389
1.363	2.52132
1.364	2.51875
1.365	2.51618
1.366	2.51362
1.367	2.51105
1.368	2.50849
1.369	2.50593
1.37	2.50338
1.371	2.50083
1.372	2.49828
1.373	2.49573
1.374	2.49318
1.375	2.49064
1.376	2.4881
1.377	2.48556
1.378	2.48303
1.379	2.48049
1.38	2.47796
1.381	2.47544
1.382	2.47291
1.383	2.47039
1.384	2.46787
1.385	2.46535
1.386	2.46284
1.387	2.46033
1.388	2.45782
1.389	2.45531
1.39	2.4528
1.391	2.4503
1.392	2.4478
1.393	2.4453
1.394	2.44281
1.395	2.44032
1.396	2.43783
1.397	2.43534
1.398	2.43285
1.399	2.43037
1.4	2.42789
1.401	2.42542
1.402	2.42294
1.403	2.42047
1.404	2.418
1.405	2.41553
1.406	2.41307
1.407	2.4106
1.408	2.40814
1.409	2.40568
1.41	2.40323
1.411	2.40078
1.412	2.39833
1.413	2.39588
1.414	2.39343
1.415	2.39099
1.416	2.38855
1.417	2.38611
1.418	2.38368
1.419	2.38124
1.42	2.37881
1.421	2.37638
1.422	2.37396
1.423	2.37153
1.424	2.36911
1.425	2.36669
1.426	2.36428
1.427	2.36186
1.428	2.35945
1.429	2.35704
1.43	2.35464
1.431	2.35223
1.432	2.34983
1.433	2.34743
1.434	2.34504
1.435	2.34264
1.436	2.34025
1.437	2.33786
1.438	2.33547
1.439	2.33309
1.44	2.3307
1.441	2.32832
1.442	2.32595
1.443	2.32357
1.444	2.3212
1.445	2.31883
1.446	2.31646
1.447	2.31409
1.448	2.31173
1.449	2.30937
1.45	2.30701
1.451	2.30465
1.452	2.3023
1.453	2.29994
1.454	2.2976
1.455	2.29525
1.456	2.2929
1.457	2.29056
1.458	2.28822
1.459	2.28588
1.46	2.28355
1.461	2.28121
1.462	2.27888
1.463	2.27655
1.464	2.27423
1.465	2.2719
1.466	2.26958
1.467	2.26726
1.468	2.26495
1.469	2.26263
1.47	2.26032
1.471	2.25801
1.472	2.2557
1.473	2.2534
1.474	2.25109
1.475	2.24879
1.476	2.2465
1.477	2.2442
1.478	2.24191
1.479	2.23961
1.48	2.23732
1.481	2.23504
1.482	2.23275
1.483	2.23047
1.484	2.22819
1.485	2.22591
1.486	2.22364
1.487	2.22136
1.488	2.21909
1.489	2.21682
1.49	2.21456
1.491	2.21229
1.492	2.21003
1.493	2.20777
1.494	2.20551
1.495	2.20326
1.496	2.20101
1.497	2.19876
1.498	2.19651
1.499	2.19426
1.5	2.19202
1.501	2.18978
1.502	2.18754
1.503	2.1853
1.504	2.18306
1.505	2.18083
1.506	2.1786
1.507	2.17637
1.508	2.17415
1.509	2.17192
1.51	2.1697
1.511	2.16748
1.512	2.16526
1.513	2.16305
1.514	2.16084
1.515	2.15863
1.516	2.15642
1.517	2.15421
1.518	2.15201
1.519	2.14981
1.52	2.14761
1.521	2.14541
1.522	2.14321
1.523	2.14102
1.524	2.13883
1.525	2.13664
1.526	2.13446
1.527	2.13227
1.528	2.13009
1.529	2.12791
1.53	2.12573
1.531	2.12356
1.532	2.12138
1.533	2.11921
1.534	2.11704
1.535	2.11488
1.536	2.11271
1.537	2.11055
1.538	2.10839
1.539	2.10623
1.54	2.10408
1.541	2.10192
1.542	2.09977
1.543	2.09762
1.544	2.09547
1.545	2.09333
1.546	2.09119
1.547	2.08904
1.548	2.08691
1.549	2.08477
1.55	2.08263
1.551	2.0805
1.552	2.07837
1.553	2.07624
1.554	2.07412
1.555	2.07199
1.556	2.06987
1.557	2.06775
1.558	2.06564
1.559	2.06352
1.56	2.06141
1.561	2.0593
1.562	2.05719
1.563	2.05508
1.564	2.05298
1.565	2.05087
1.566	2.04877
1.567	2.04667
1.568	2.04458
1.569	2.04248
1.57	2.04039
1.571	2.0383
1.572	2.03621
1.573	2.03413
1.574	2.03204
1.575	2.02996
1.576	2.02788
1.577	2.0258
1.578	2.02373
1.579	2.02165
1.58	2.01958
1.581	2.01751
1.582	2.01545
1.583	2.01338
1.584	2.01132
1.585	2.00926
1.586	2.0072
1.587	2.00514
1.588	2.00309
1.589	2.00103
1.59	1.99898
1.591	1.99693
1.592	1.99489
1.593	1.99284
1.594	1.9908
1.595	1.98876
1.596	1.98672
1.597	1.98468
1.598	1.98265
1.599	1.98062
1.6	1.97859
1.601	1.97656
1.602	1.97453
1.603	1.97251
1.604	1.97049
1.605	1.96847
1.606	1.96645
1.607	1.96443
1.608	1.96242
1.609	1.9604
1.61	1.95839
1.611	1.95639
1.612	1.95438
1.613	1.95238
1.614	1.95037
1.615	1.94837
1.616	1.94637
1.617	1.94438
1.618	1.94238
1.619	1.94039
1.62	1.9384
1.621	1.93641
1.622	1.93443
1.623	1.93244
1.624	1.93046
1.625	1.92848
1.626	1.9265
1.627	1.92453
1.628	1.92255
1.629	1.92058
1.63	1.91861
1.631	1.91664
1.632	1.91467
1.633	1.91271
1.634	1.91075
1.635	1.90879
1.636	1.90683
1.637	1.90487
1.638	1.90292
1.639	1.90096
1.64	1.89901
1.641	1.89706
1.642	1.89512
1.643	1.89317
1.644	1.89123
1.645	1.88929
1.646	1.88735
1.647	1.88541
1.648	1.88348
1.649	1.88154
1.65	1.87961
1.651	1.87768
1.652	1.87576
1.653	1.87383
1.654	1.87191
1.655	1.86998
1.656	1.86806
1.657	1.86615
1.658	1.86423
1.659	1.86232
1.66	1.8604
1.661	1.85849
1.662	1.85659
1.663	1.85468
1.664	1.85277
1.665	1.85087
1.666	1.84897
1.667	1.84707
1.668	1.84518
1.669	1.84328
1.67	1.84139
1.671	1.8395
1.672	1.83761
1.673	1.83572
1.674	1.83383
1.675	1.83195
1.676	1.83007
1.677	1.82819
1.678	1.82631
1.679	1.82443
1.68	1.82256
1.681	1.82069
1.682	1.81882
1.683	1.81695
1.684	1.81508
1.685	1.81322
1.686	1.81135
1.687	1.80949
1.688	1.80763
1.689	1.80578
1.69	1.80392
1.691	1.80207
1.692	1.80021
1.693	1.79836
1.694	1.79652
1.695	1.79467
1.696	1.79282
1.697	1.79098
1.698	1.78914
1.699	1.7873
1.7	1.78546
1.701	1.78363
1.702	1.7818
1.703	1.77996
1.704	1.77813
1.705	1.77631
1.706	1.77448
1.707	1.77266
1.708	1.77083
1.709	1.76901
1.71	1.76719
1.711	1.76538
1.712	1.76356
1.713	1.76175
1.714	1.75994
1.715	1.75813
1.716	1.75632
1.717	1.75451
1.718	1.75271
1.719	1.7509
1.72	1.7491
1.721	1.7473
1.722	1.74551
1.723	1.74371
1.724	1.74192
1.725	1.74013
1.726	1.73834
1.727	1.73655
1.728	1.73476
1.729	1.73298
1.73	1.73119
1.731	1.72941
1.732	1.72763
1.733	1.72586
1.734	1.72408
1.735	1.72231
1.736	1.72053
1.737	1.71876
1.738	1.717
1.739	1.71523
1.74	1.71346
1.741	1.7117
1.742	1.70994
1.743	1.70818
1.744	1.70642
1.745	1.70466
1.746	1.70291
1.747	1.70116
1.748	1.6994
1.749	1.69766
1.75	1.69591
1.751	1.69416
1.752	1.69242
1.753	1.69068
1.754	1.68894
1.755	1.6872
1.756	1.68546
1.757	1.68372
1.758	1.68199
1.759	1.68026
1.76	1.67853
1.761	1.6768
1.762	1.67507
1.763	1.67335
1.764	1.67162
1.765	1.6699
1.766	1.66818
1.767	1.66646
1.768	1.66475
1.769	1.66303
1.77	1.66132
1.771	1.65961
1.772	1.6579
1.773	1.65619
1.774	1.65449
1.775	1.65278
1.776	1.65108
1.777	1.64938
1.778	1.64768
1.779	1.64598
1.78	1.64428
1.781	1.64259
1.782	1.6409
1.783	1.63921
1.784	1.63752
1.785	1.63583
1.786	1.63414
1.787	1.63246
1.788	1.63078
1.789	1.6291
1.79	1.62742
1.791	1.62574
1.792	1.62406
1.793	1.62239
1.794	1.62072
1.795	1.61905
1.796	1.61738
1.797	1.61571
1.798	1.61405
1.799	1.61238
1.8	1.61072
1.801	1.60906
1.802	1.6074
1.803	1.60574
1.804	1.60409
1.805	1.60243
1.806	1.60078
1.807	1.59913
1.808	1.59748
1.809	1.59583
1.81	1.59419
1.811	1.59254
1.812	1.5909
1.813	1.58926
1.814	1.58762
1.815	1.58598
1.816	1.58435
1.817	1.58271
1.818	1.58108
1.819	1.57945
1.82	1.57782
1.821	1.57619
1.822	1.57456
1.823	1.57294
1.824	1.57132
1.825	1.56969
1.826	1.56808
1.827	1.56646
1.828	1.56484
1.829	1.56323
1.83	1.56161
1.831	1.56
1.832	1.55839
1.833	1.55678
1.834	1.55518
1.835	1.55357
1.836	1.55197
1.837	1.55036
1.838	1.54876
1.839	1.54717
1.84	1.54557
1.841	1.54397
1.842	1.54238
1.843	1.54079
1.844	1.5392
1.845	1.53761
1.846	1.53602
1.847	1.53443
1.848	1.53285
1.849	1.53127
1.85	1.52968
1.851	1.5281
1.852	1.52653
1.853	1.52495
1.854	1.52337
1.855	1.5218
1.856	1.52023
1.857	1.51866
1.858	1.51709
1.859	1.51552
1.86	1.51396
1.861	1.51239
1.862	1.51083
1.863	1.50927
1.864	1.50771
1.865	1.50615
1.866	1.5046
1.867	1.50304
1.868	1.50149
1.869	1.49994
1.87	1.49839
1.871	1.49684
1.872	1.49529
1.873	1.49375
1.874	1.4922
1.875	1.49066
1.876	1.48912
1.877	1.48758
1.878	1.48604
1.879	1.48451
1.88	1.48297
1.881	1.48144
1.882	1.47991
1.883	1.47838
1.884	1.47685
1.885	1.47532
1.886	1.4738
1.887	1.47227
1.888	1.47075
1.889	1.46923
1.89	1.46771
1.891	1.46619
1.892	1.46468
1.893	1.46316
1.894	1.46165
1.895	1.46014
1.896	1.45863
1.897	1.45712
1.898	1.45561
1.899	1.45411
1.9	1.4526
1.901	1.4511
1.902	1.4496
1.903	1.4481
1.904	1.4466
1.905	1.4451
1.906	1.44361
1.907	1.44211
1.908	1.44062
1.909	1.43913
1.91	1.43764
1.911	1.43615
1.912	1.43467
1.913	1.43318
1.914	1.4317
1.915	1.43022
1.916	1.42874
1.917	1.42726
1.918	1.42578
1.919	1.4243
1.92	1.42283
1.921	1.42136
1.922	1.41989
1.923	1.41842
1.924	1.41695
1.925	1.41548
1.926	1.41401
1.927	1.41255
1.928	1.41109
1.929	1.40963
1.93	1.40817
1.931	1.40671
1.932	1.40525
1.933	1.4038
1.934	1.40234
1.935	1.40089
1.936	1.39944
1.937	1.39799
1.938	1.39654
1.939	1.39509
1.94	1.39365
1.941	1.39221
1.942	1.39076
1.943	1.38932
1.944	1.38788
1.945	1.38645
1.946	1.38501
1.947	1.38357
1.948	1.38214
1.949	1.38071
1.95	1.37928
1.951	1.37785
1.952	1.37642
1.953	1.37499
1.954	1.37357
1.955	1.37214
1.956	1.37072
1.957	1.3693
1.958	1.36788
1.959	1.36646
1.96	1.36505
1.961	1.36363
1.962	1.36222
1.963	1.36081
1.964	1.35939
1.965	1.35798
1.966	1.35658
1.967	1.35517
1.968	1.35376
1.969	1.35236
1.97	1.35096
1.971	1.34956
1.972	1.34816
1.973	1.34676
1.974	1.34536
1.975	1.34397
1.976	1.34257
1.977	1.34118
1.978	1.33979
1.979	1.3384
1.98	1.33701
1.981	1.33562
1.982	1.33424
1.983	1.33285
1.984	1.33147
1.985	1.33009
1.986	1.32871
1.987	1.32733
1.988	1.32595
1.989	1.32458
1.99	1.3232
1.991	1.32183
1.992	1.32046
1.993	1.31908
1.994	1.31772
1.995	1.31635
1.996	1.31498
1.997	1.31362
1.998	1.31225
1.999	1.31089
2	1.30953
2.001	1.30817
2.002	1.30681
2.003	1.30545
2.004	1.3041
2.005	1.30274
2.006	1.30139
2.007	1.30004
2.008	1.29869
2.009	1.29734
2.01	1.29599
2.011	1.29465
2.012	1.2933
2.013	1.29196
2.014	1.29062
2.015	1.28927
2.016	1.28794
2.017	1.2866
2.018	1.28526
2.019	1.28392
2.02	1.28259
2.021	1.28126
2.022	1.27993
2.023	1.2786
2.024	1.27727
2.025	1.27594
2.026	1.27461
2.027	1.27329
2.028	1.27197
2.029	1.27064
2.03	1.26932
2.031	1.268
2.032	1.26669
2.033	1.26537
2.034	1.26405
2.035	1.26274
2.036	1.26143
2.037	1.26011
2.038	1.2588
2.039	1.25749
2.04	1.25619
2.041	1.25488
2.042	1.25358
2.043	1.25227
2.044	1.25097
2.045	1.24967
2.046	1.24837
2.047	1.24707
2.048	1.24577
2.049	1.24448
2.05	1.24318
2.051	1.24189
2.052	1.2406
2.053	1.2393
2.054	1.23802
2.055	1.23673
2.056	1.23544
2.057	1.23415
2.058	1.23287
2.059	1.23159
2.06	1.23031
2.061	1.22902
2.062	1.22775
2.063	1.22647
2.064	1.22519
2.065	1.22392
2.066	1.22264
2.067	1.22137
2.068	1.2201
2.069	1.21883
2.07	1.21756
2.071	1.21629
2.072	1.21502
2.073	1.21376
2.074	1.21249
2.075	1.21123
2.076	1.20997
2.077	1.20871
2.078	1.20745
2.079	1.20619
2.08	1.20494
2.081	1.20368
2.082	1.20243
2.083	1.20117
2.084	1.19992
2.085	1.19867
2.086	1.19742
2.087	1.19618
2.088	1.19493
2.089	1.19368
2.09	1.19244
2.091	1.1912
2.092	1.18996
2.093	1.18872
2.094	1.18748
2.095	1.18624
2.096	1.185
2.097	1.18377
2.098	1.18253
2.099	1.1813
2.1	1.18007
2.101	1.17884
2.102	1.17761
2.103	1.17638
2.104	1.17516
2.105	1.17393
2.106	1.17271
2.107	1.17148
2.108	1.17026
2.109	1.16904
2.11	1.16782
2.111	1.1666
2.112	1.16539
2.113	1.16417
2.114	1.16296
2.115	1.16174
2.116	1.16053
2.117	1.15932
2.118	1.15811
2.119	1.1569
2.12	1.1557
2.121	1.15449
2.122	1.15328
2.123	1.15208
2.124	1.15088
2.125	1.14968
2.126	1.14848
2.127	1.14728
2.128	1.14608
2.129	1.14489
2.13	1.14369
2.131	1.1425
2.132	1.1413
2.133	1.14011
2.134	1.13892
2.135	1.13773
2.136	1.13654
2.137	1.13536
2.138	1.13417
2.139	1.13299
2.14	1.1318
2.141	1.13062
2.142	1.12944
2.143	1.12826
2.144	1.12708
2.145	1.12591
2.146	1.12473
2.147	1.12355
2.148	1.12238
2.149	1.12121
2.15	1.12004
2.151	1.11887
2.152	1.1177
2.153	1.11653
2.154	1.11536
2.155	1.1142
2.156	1.11303
2.157	1.11187
2.158	1.11071
2.159	1.10954
2.16	1.10839
2.161	1.10723
2.162	1.10607
2.163	1.10491
2.164	1.10376
2.165	1.1026
2.166	1.10145
2.167	1.1003
2.168	1.09915
2.169	1.098
2.17	1.09685
2.171	1.0957
2.172	1.09456
2.173	1.09341
2.174	1.09227
2.175	1.09113
2.176	1.08998
2.177	1.08884
2.178	1.08771
2.179	1.08657
2.18	1.08543
2.181	1.08429
2.182	1.08316
2.183	1.08203
2.184	1.08089
2.185	1.07976
2.186	1.07863
2.187	1.0775
2.188	1.07638
2.189	1.07525
2.19	1.07412
2.191	1.073
2.192	1.07188
2.193	1.07075
2.194	1.06963
2.195	1.06851
2.196	1.06739
2.197	1.06628
2.198	1.06516
2.199	1.06404
2.2	1.06293
2.201	1.06182
2.202	1.0607
2.203	1.05959
2.204	1.05848
2.205	1.05737
2.206	1.05627
2.207	1.05516
2.208	1.05405
2.209	1.05295
2.21	1.05185
2.211	1.05074
2.212	1.04964
2.213	1.04854
2.214	1.04744
2.215	1.04635
2.216	1.04525
2.217	1.04415
2.218	1.04306
2.219	1.04197
2.22	1.04087
2.221	1.03978
2.222	1.03869
2.223	1.0376
2.224	1.03652
2.225	1.03543
2.226	1.03434
2.227	1.03326
2.228	1.03218
2.229	1.03109
2.23	1.03001
2.231	1.02893
2.232	1.02785
2.233	1.02677
2.234	1.0257
2.235	1.02462
2.236	1.02355
2.237	1.02247
2.238	1.0214
2.239	1.02033
2.24	1.01926
2.241	1.01819
2.242	1.01712
2.243	1.01605
2.244	1.01498
2.245	1.01392
2.246	1.01285
2.247	1.01179
2.248	1.01073
2.249	1.00967
2.25	1.00861
2.251	1.00755
2.252	1.00649
2.253	1.00543
2.254	1.00438
2.255	1.00332
2.256	1.00227
2.257	1.00122
2.258	1.00017
2.259	0.999116
2.26	0.998066
2.261	0.997018
2.262	0.99597
2.263	0.994924
2.264	0.993879
2.265	0.992834
2.266	0.991791
2.267	0.990749
2.268	0.989708
2.269	0.988668
2.27	0.987629
2.271	0.986591
2.272	0.985554
2.273	0.984518
2.274	0.983483
2.275	0.982449
2.276	0.981416
2.277	0.980385
2.278	0.979354
2.279	0.978324
2.28	0.977295
2.281	0.976268
2.282	0.975241
2.283	0.974215
2.284	0.973191
2.285	0.972167
2.286	0.971145
2.287	0.970123
2.288	0.969103
2.289	0.968083
2.29	0.967065
2.291	0.966047
2.292	0.965031
2.293	0.964015
2.294	0.963001
2.295	0.961988
2.296	0.960975
2.297	0.959964
2.298	0.958954
2.299	0.957944
2.3	0.956936
2.301	0.955929
2.302	0.954922
2.303	0.953917
2.304	0.952913
2.305	0.951909
2.306	0.950907
2.307	0.949906
2.308	0.948905
2.309	0.947906
2.31	0.946908
2.311	0.945911
2.312	0.944914
2.313	0.943919
2.314	0.942925
2.315	0.941931
2.316	0.940939
2.317	0.939948
2.318	0.938957
2.319	0.937968
2.32	0.93698
2.321	0.935992
2.322	0.935006
2.323	0.93402
2.324	0.933036
2.325	0.932053
2.326	0.93107
2.327	0.930089
2.328	0.929108
2.329	0.928129
2.33	0.92715
2.331	0.926172
2.332	0.925196
2.333	0.92422
2.334	0.923246
2.335	0.922272
2.336	0.921299
2.337	0.920328
2.338	0.919357
2.339	0.918387
2.34	0.917418
2.341	0.91645
2.342	0.915484
2.343	0.914518
2.344	0.913553
2.345	0.912589
2.346	0.911626
2.347	0.910664
2.348	0.909703
2.349	0.908743
2.35	0.907783
2.351	0.906825
2.352	0.905868
2.353	0.904912
2.354	0.903956
2.355	0.903002
2.356	0.902049
2.357	0.901096
2.358	0.900145
2.359	0.899194
2.36	0.898244
2.361	0.897296
2.362	0.896348
2.363	0.895401
2.364	0.894455
2.365	0.893511
2.366	0.892567
2.367	0.891624
2.368	0.890682
2.369	0.88974
2.37	0.8888
2.371	0.887861
2.372	0.886923
2.373	0.885985
2.374	0.885049
2.375	0.884113
2.376	0.883179
2.377	0.882245
2.378	0.881313
2.379	0.880381
2.38	0.87945
2.381	0.87852
2.382	0.877591
2.383	0.876663
2.384	0.875736
2.385	0.87481
2.386	0.873885
2.387	0.87296
2.388	0.872037
2.389	0.871114
2.39	0.870193
2.391	0.869272
2.392	0.868353
2.393	0.867434
2.394	0.866516
2.395	0.865599
2.396	0.864683
2.397	0.863768
2.398	0.862854
2.399	0.86194
2.4	0.861028
2.401	0.860116
2.402	0.859206
2.403	0.858296
2.404	0.857387
2.405	0.85648
2.406	0.855573
2.407	0.854667
2.408	0.853762
2.409	0.852857
2.41	0.851954
2.411	0.851052
2.412	0.85015
2.413	0.84925
2.414	0.84835
2.415	0.847451
2.416	0.846553
2.417	0.845656
2.418	0.84476
2.419	0.843865
2.42	0.84297
2.421	0.842077
2.422	0.841185
2.423	0.840293
2.424	0.839402
2.425	0.838512
2.426	0.837623
2.427	0.836735
2.428	0.835848
2.429	0.834962
2.43	0.834076
2.431	0.833192
2.432	0.832308
2.433	0.831425
2.434	0.830543
2.435	0.829662
2.436	0.828782
2.437	0.827903
2.438	0.827025
2.439	0.826147
2.44	0.825271
2.441	0.824395
2.442	0.82352
2.443	0.822646
2.444	0.821773
2.445	0.820901
2.446	0.820029
2.447	0.819159
2.448	0.818289
2.449	0.81742
2.45	0.816552
2.451	0.815685
2.452	0.814819
2.453	0.813954
2.454	0.81309
2.455	0.812226
2.456	0.811363
2.457	0.810501
2.458	0.80964
2.459	0.80878
2.46	0.807921
2.461	0.807063
2.462	0.806205
2.463	0.805348
2.464	0.804493
2.465	0.803638
2.466	0.802784
2.467	0.80193
2.468	0.801078
2.469	0.800226
2.47	0.799376
2.471	0.798526
2.472	0.797677
2.473	0.796829
2.474	0.795981
2.475	0.795135
2.476	0.794289
2.477	0.793444
2.478	0.7926
2.479	0.791757
2.48	0.790915
2.481	0.790074
2.482	0.789233
2.483	0.788393
2.484	0.787555
2.485	0.786717
2.486	0.785879
2.487	0.785043
2.488	0.784207
2.489	0.783373
2.49	0.782539
2.491	0.781706
2.492	0.780874
2.493	0.780042
2.494	0.779212
2.495	0.778382
2.496	0.777553
2.497	0.776725
2.498	0.775898
2.499	0.775071
2.5	0.774246
2.501	0.773421
2.502	0.772597
2.503	0.771774
2.504	0.770952
2.505	0.77013
2.506	0.76931
2.507	0.76849
2.508	0.767671
2.509	0.766853
2.51	0.766035
2.511	0.765219
2.512	0.764403
2.513	0.763588
2.514	0.762774
2.515	0.761961
2.516	0.761148
2.517	0.760337
2.518	0.759526
2.519	0.758716
2.52	0.757907
2.521	0.757098
2.522	0.756291
2.523	0.755484
2.524	0.754678
2.525	0.753873
2.526	0.753068
2.527	0.752265
2.528	0.751462
2.529	0.75066
2.53	0.749859
2.531	0.749058
2.532	0.748259
2.533	0.74746
2.534	0.746662
2.535	0.745865
2.536	0.745069
2.537	0.744273
2.538	0.743478
2.539	0.742684
2.54	0.741891
2.541	0.741099
2.542	0.740307
2.543	0.739516
2.544	0.738726
2.545	0.737937
2.546	0.737148
2.547	0.736361
2.548	0.735574
2.549	0.734788
2.55	0.734003
2.551	0.733218
2.552	0.732434
2.553	0.731651
2.554	0.730869
2.555	0.730088
2.556	0.729307
2.557	0.728527
2.558	0.727748
2.559	0.72697
2.56	0.726192
2.561	0.725416
2.562	0.72464
2.563	0.723865
2.564	0.72309
2.565	0.722317
2.566	0.721544
2.567	0.720772
2.568	0.72
2.569	0.71923
2.57	0.71846
2.571	0.717691
2.572	0.716923
2.573	0.716155
2.574	0.715389
2.575	0.714623
2.576	0.713858
2.577	0.713093
2.578	0.71233
2.579	0.711567
2.58	0.710805
2.581	0.710043
2.582	0.709283
2.583	0.708523
2.584	0.707764
2.585	0.707006
2.586	0.706248
2.587	0.705491
2.588	0.704735
2.589	0.70398
2.59	0.703225
2.591	0.702472
2.592	0.701719
2.593	0.700966
2.594	0.700215
2.595	0.699464
2.596	0.698714
2.597	0.697965
2.598	0.697216
2.599	0.696469
2.6	0.695722
2.601	0.694975
2.602	0.69423
2.603	0.693485
2.604	0.692741
2.605	0.691998
2.606	0.691255
2.607	0.690513
2.608	0.689772
2.609	0.689032
2.61	0.688292
2.611	0.687554
2.612	0.686815
2.613	0.686078
2.614	0.685341
2.615	0.684606
2.616	0.68387
2.617	0.683136
2.618	0.682402
2.619	0.681669
2.62	0.680937
2.621	0.680206
2.622	0.679475
2.623	0.678745
2.624	0.678016
2.625	0.677287
2.626	0.676559
2.627	0.675832
2.628	0.675106
2.629	0.67438
2.63	0.673655
2.631	0.672931
2.632	0.672207
2.633	0.671485
2.634	0.670763
2.635	0.670041
2.636	0.669321
2.637	0.668601
2.638	0.667882
2.639	0.667163
2.64	0.666445
2.641	0.665728
2.642	0.665012
2.643	0.664297
2.644	0.663582
2.645	0.662868
2.646	0.662154
2.647	0.661441
2.648	0.660729
2.649	0.660018
2.65	0.659308
2.651	0.658598
2.652	0.657888
2.653	0.65718
2.654	0.656472
2.655	0.655765
2.656	0.655059
2.657	0.654353
2.658	0.653648
2.659	0.652944
2.66	0.652241
2.661	0.651538
2.662	0.650836
2.663	0.650134
2.664	0.649434
2.665	0.648734
2.666	0.648034
2.667	0.647336
2.668	0.646638
2.669	0.645941
2.67	0.645244
2.671	0.644548
2.672	0.643853
2.673	0.643159
2.674	0.642465
2.675	0.641772
2.676	0.64108
2.677	0.640388
2.678	0.639697
2.679	0.639007
2.68	0.638317
2.681	0.637628
2.682	0.63694
2.683	0.636252
2.684	0.635566
2.685	0.634879
2.686	0.634194
2.687	0.633509
2.688	0.632825
2.689	0.632142
2.69	0.631459
2.691	0.630777
2.692	0.630096
2.693	0.629415
2.694	0.628735
2.695	0.628056
2.696	0.627377
2.697	0.626699
2.698	0.626022
2.699	0.625345
2.7	0.624669
2.701	0.623994
2.702	0.623319
2.703	0.622645
2.704	0.621972
2.705	0.6213
2.706	0.620628
2.707	0.619957
2.708	0.619286
2.709	0.618616
2.71	0.617947
2.711	0.617278
2.712	0.616611
2.713	0.615943
2.714	0.615277
2.715	0.614611
2.716	0.613946
2.717	0.613281
2.718	0.612617
2.719	0.611954
2.72	0.611292
2.721	0.61063
2.722	0.609968
2.723	0.609308
2.724	0.608648
2.725	0.607989
2.726	0.60733
2.727	0.606672
2.728	0.606015
2.729	0.605358
2.73	0.604702
2.731	0.604047
2.732	0.603392
2.733	0.602738
2.734	0.602085
2.735	0.601432
2.736	0.60078
2.737	0.600129
2.738	0.599478
2.739	0.598828
2.74	0.598179
2.741	0.59753
2.742	0.596882
2.743	0.596234
2.744	0.595588
2.745	0.594941
2.746	0.594296
2.747	0.593651
2.748	0.593007
2.749	0.592363
2.75	0.59172
2.751	0.591078
2.752	0.590436
2.753	0.589795
2.754	0.589155
2.755	0.588515
2.756	0.587876
2.757	0.587237
2.758	0.586599
2.759	0.585962
2.76	0.585326
2.761	0.58469
2.762	0.584054
2.763	0.58342
2.764	0.582786
2.765	0.582152
2.766	0.58152
2.767	0.580887
2.768	0.580256
2.769	0.579625
2.77	0.578995
2.771	0.578365
2.772	0.577736
2.773	0.577108
2.774	0.57648
2.775	0.575853
2.776	0.575227
2.777	0.574601
2.778	0.573976
2.779	0.573351
2.78	0.572727
2.781	0.572104
2.782	0.571481
2.783	0.570859
2.784	0.570237
2.785	0.569616
2.786	0.568996
2.787	0.568377
2.788	0.567758
2.789	0.567139
2.79	0.566521
2.791	0.565904
2.792	0.565288
2.793	0.564672
2.794	0.564057
2.795	0.563442
2.796	0.562828
2.797	0.562214
2.798	0.561602
2.799	0.560989
2.8	0.560378
2.801	0.559767
2.802	0.559156
2.803	0.558547
2.804	0.557937
2.805	0.557329
2.806	0.556721
2.807	0.556114
2.808	0.555507
2.809	0.554901
2.81	0.554295
2.811	0.55369
2.812	0.553086
2.813	0.552482
2.814	0.551879
2.815	0.551277
2.816	0.550675
2.817	0.550073
2.818	0.549473
2.819	0.548873
2.82	0.548273
2.821	0.547674
2.822	0.547076
2.823	0.546478
2.824	0.545881
2.825	0.545284
2.826	0.544689
2.827	0.544093
2.828	0.543499
2.829	0.542904
2.83	0.542311
2.831	0.541718
2.832	0.541126
2.833	0.540534
2.834	0.539943
2.835	0.539352
2.836	0.538762
2.837	0.538173
2.838	0.537584
2.839	0.536996
2.84	0.536408
2.841	0.535821
2.842	0.535234
2.843	0.534649
2.844	0.534063
2.845	0.533479
2.846	0.532894
2.847	0.532311
2.848	0.531728
2.849	0.531146
2.85	0.530564
2.851	0.529983
2.852	0.529402
2.853	0.528822
2.854	0.528242
2.855	0.527664
2.856	0.527085
2.857	0.526508
2.858	0.52593
2.859	0.525354
2.86	0.524778
2.861	0.524202
2.862	0.523628
2.863	0.523053
2.864	0.52248
2.865	0.521906
2.866	0.521334
2.867	0.520762
2.868	0.520191
2.869	0.51962
2.87	0.519049
2.871	0.51848
2.872	0.517911
2.873	0.517342
2.874	0.516774
2.875	0.516207
2.876	0.51564
2.877	0.515073
2.878	0.514508
2.879	0.513943
2.88	0.513378
2.881	0.512814
2.882	0.512251
2.883	0.511688
2.884	0.511125
2.885	0.510563
2.886	0.510002
2.887	0.509442
2.888	0.508882
2.889	0.508322
2.89	0.507763
2.891	0.507205
2.892	0.506647
2.893	0.506089
2.894	0.505533
2.895	0.504976
2.896	0.504421
2.897	0.503866
2.898	0.503311
2.899	0.502757
2.9	0.502204
2.901	0.501651
2.902	0.501099
2.903	0.500547
2.904	0.499996
2.905	0.499445
2.906	0.498895
2.907	0.498345
2.908	0.497796
2.909	0.497248
2.91	0.4967
2.911	0.496153
2.912	0.495606
2.913	0.49506
2.914	0.494514
2.915	0.493969
2.916	0.493424
2.917	0.49288
2.918	0.492336
2.919	0.491793
2.92	0.491251
2.921	0.490709
2.922	0.490168
2.923	0.489627
2.924	0.489087
2.925	0.488547
2.926	0.488008
2.927	0.487469
2.928	0.486931
2.929	0.486393
2.93	0.485856
2.931	0.48532
2.932	0.484784
2.933	0.484248
2.934	0.483713
2.935	0.483179
2.936	0.482645
2.937	0.482112
2.938	0.481579
2.939	0.481047
2.94	0.480515
2.941	0.479984
2.942	0.479453
2.943	0.478923
2.944	0.478393
2.945	0.477864
2.946	0.477336
2.947	0.476808
2.948	0.47628
2.949	0.475753
2.95	0.475227
2.951	0.474701
2.952	0.474176
2.953	0.473651
2.954	0.473126
2.955	0.472603
2.956	0.472079
2.957	0.471557
2.958	0.471034
2.959	0.470513
2.96	0.469991
2.961	0.469471
2.962	0.468951
2.963	0.468431
2.964	0.467912
2.965	0.467393
2.966	0.466875
2.967	0.466358
2.968	0.465841
2.969	0.465324
2.97	0.464808
2.971	0.464293
2.972	0.463778
2.973	0.463263
2.974	0.462749
2.975	0.462236
2.976	0.461723
2.977	0.461211
2.978	0.460699
2.979	0.460187
2.98	0.459676
2.981	0.459166
2.982	0.458656
2.983	0.458147
2.984	0.457638
2.985	0.45713
2.986	0.456622
2.987	0.456115
2.988	0.455608
2.989	0.455101
2.99	0.454596
2.991	0.45409
2.992	0.453586
2.993	0.453081
2.994	0.452578
2.995	0.452074
2.996	0.451572
2.997	0.451069
2.998	0.450568
2.999	0.450066
3	0.449565
3.001	0.449065
3.002	0.448565
3.003	0.448066
3.004	0.447567
3.005	0.447069
3.006	0.446571
3.007	0.446074
3.008	0.445577
3.009	0.445081
3.01	0.444585
3.011	0.44409
3.012	0.443595
3.013	0.443101
3.014	0.442607
3.015	0.442114
3.016	0.441621
3.017	0.441129
3.018	0.440637
3.019	0.440146
3.02	0.439655
3.021	0.439164
3.022	0.438675
3.023	0.438185
3.024	0.437696
3.025	0.437208
3.026	0.43672
3.027	0.436233
3.028	0.435746
3.029	0.435259
3.03	0.434773
3.031	0.434288
3.032	0.433803
3.033	0.433318
3.034	0.432834
3.035	0.432351
3.036	0.431868
3.037	0.431385
3.038	0.430903
3.039	0.430421
3.04	0.42994
3.041	0.42946
3.042	0.42898
3.043	0.4285
3.044	0.428021
3.045	0.427542
3.046	0.427064
3.047	0.426586
3.048	0.426109
3.049	0.425632
3.05	0.425156
3.051	0.42468
3.052	0.424204
3.053	0.423729
3.054	0.423255
3.055	0.422781
3.056	0.422307
3.057	0.421834
3.058	0.421362
3.059	0.42089
3.06	0.420418
3.061	0.419947
3.062	0.419476
3.063	0.419006
3.064	0.418537
3.065	0.418067
3.066	0.417599
3.067	0.41713
3.068	0.416662
3.069	0.416195
3.07	0.415728
3.071	0.415262
3.072	0.414796
3.073	0.41433
3.074	0.413865
3.075	0.413401
3.076	0.412936
3.077	0.412473
3.078	0.41201
3.079	0.411547
3.08	0.411085
3.081	0.410623
3.082	0.410162
3.083	0.409701
3.084	0.40924
3.085	0.40878
3.086	0.408321
3.087	0.407862
3.088	0.407403
3.089	0.406945
3.09	0.406487
3.091	0.40603
3.092	0.405573
3.093	0.405117
3.094	0.404661
3.095	0.404206
3.096	0.403751
3.097	0.403297
3.098	0.402843
3.099	0.402389
3.1	0.401936
3.101	0.401483
3.102	0.401031
3.103	0.400579
3.104	0.400128
3.105	0.399677
3.106	0.399227
3.107	0.398777
3.108	0.398327
3.109	0.397878
3.11	0.39743
3.111	0.396982
3.112	0.396534
3.113	0.396087
3.114	0.39564
3.115	0.395193
3.116	0.394747
3.117	0.394302
3.118	0.393857
3.119	0.393412
3.12	0.392968
3.121	0.392525
3.122	0.392081
3.123	0.391639
3.124	0.391196
3.125	0.390754
3.126	0.390313
3.127	0.389872
3.128	0.389431
3.129	0.388991
3.13	0.388551
3.131	0.388112
3.132	0.387673
3.133	0.387235
3.134	0.386797
3.135	0.386359
3.136	0.385922
3.137	0.385486
3.138	0.385049
3.139	0.384614
3.14	0.384178
3.141	0.383743
3.142	0.383309
3.143	0.382875
3.144	0.382441
3.145	0.382008
3.146	0.381575
3.147	0.381143
3.148	0.380711
3.149	0.38028
3.15	0.379849
3.151	0.379418
3.152	0.378988
3.153	0.378558
3.154	0.378129
3.155	0.3777
3.156	0.377272
3.157	0.376844
3.158	0.376416
3.159	0.375989
3.16	0.375562
3.161	0.375136
3.162	0.37471
3.163	0.374285
3.164	0.37386
3.165	0.373435
3.166	0.373011
3.167	0.372587
3.168	0.372164
3.169	0.371741
3.17	0.371318
3.171	0.370896
3.172	0.370475
3.173	0.370053
3.174	0.369633
3.175	0.369212
3.176	0.368792
3.177	0.368373
3.178	0.367954
3.179	0.367535
3.18	0.367117
3.181	0.366699
3.182	0.366281
3.183	0.365864
3.184	0.365448
3.185	0.365032
3.186	0.364616
3.187	0.3642
3.188	0.363786
3.189	0.363371
3.19	0.362957
3.191	0.362543
3.192	0.36213
3.193	0.361717
3.194	0.361305
3.195	0.360893
3.196	0.360481
3.197	0.36007
3.198	0.359659
3.199	0.359248
3.2	0.358838
3.201	0.358429
3.202	0.35802
3.203	0.357611
3.204	0.357203
3.205	0.356795
3.206	0.356387
3.207	0.35598
3.208	0.355573
3.209	0.355167
3.21	0.354761
3.211	0.354356
3.212	0.35395
3.213	0.353546
3.214	0.353141
3.215	0.352738
3.216	0.352334
3.217	0.351931
3.218	0.351528
3.219	0.351126
3.22	0.350724
3.221	0.350323
3.222	0.349922
3.223	0.349521
3.224	0.349121
3.225	0.348721
3.226	0.348321
3.227	0.347922
3.228	0.347524
3.229	0.347125
3.23	0.346727
3.231	0.34633
3.232	0.345933
3.233	0.345536
3.234	0.34514
3.235	0.344744
3.236	0.344349
3.237	0.343953
3.238	0.343559
3.239	0.343164
3.24	0.342771
3.241	0.342377
3.242	0.341984
3.243	0.341591
3.244	0.341199
3.245	0.340807
3.246	0.340415
3.247	0.340024
3.248	0.339633
3.249	0.339243
3.25	0.338853
3.251	0.338463
3.252	0.338074
3.253	0.337685
3.254	0.337297
3.255	0.336909
3.256	0.336521
3.257	0.336134
3.258	0.335747
3.259	0.33536
3.26	0.334974
3.261	0.334589
3.262	0.334203
3.263	0.333818
3.264	0.333434
3.265	0.33305
3.266	0.332666
3.267	0.332282
3.268	0.331899
3.269	0.331517
3.27	0.331134
3.271	0.330752
3.272	0.330371
3.273	0.32999
3.274	0.329609
3.275	0.329229
3.276	0.328849
3.277	0.328469
3.278	0.32809
3.279	0.327711
3.28	0.327333
3.281	0.326954
3.282	0.326577
3.283	0.326199
3.284	0.325822
3.285	0.325446
3.286	0.32507
3.287	0.324694
3.288	0.324318
3.289	0.323943
3.29	0.323569
3.291	0.323194
3.292	0.32282
3.293	0.322447
3.294	0.322073
3.295	0.321701
3.296	0.321328
3.297	0.320956
3.298	0.320584
3.299	0.320213
3.3	0.319842
3.301	0.319471
3.302	0.319101
3.303	0.318731
3.304	0.318362
3.305	0.317993
3.306	0.317624
3.307	0.317256
3.308	0.316887
3.309	0.31652
3.31	0.316153
3.311	0.315786
3.312	0.315419
3.313	0.315053
3.314	0.314687
3.315	0.314322
3.316	0.313957
3.317	0.313592
3.318	0.313227
3.319	0.312863
3.32	0.3125
3.321	0.312137
3.322	0.311774
3.323	0.311411
3.324	0.311049
3.325	0.310687
3.326	0.310326
3.327	0.309965
3.328	0.309604
3.329	0.309243
3.33	0.308883
3.331	0.308524
3.332	0.308164
3.333	0.307805
3.334	0.307447
3.335	0.307089
3.336	0.306731
3.337	0.306373
3.338	0.306016
3.339	0.305659
3.34	0.305303
3.341	0.304947
3.342	0.304591
3.343	0.304236
3.344	0.303881
3.345	0.303526
3.346	0.303172
3.347	0.302818
3.348	0.302464
3.349	0.302111
3.35	0.301758
3.351	0.301406
3.352	0.301053
3.353	0.300702
3.354	0.30035
3.355	0.299999
3.356	0.299648
3.357	0.299298
3.358	0.298948
3.359	0.298598
3.36	0.298249
3.361	0.2979
3.362	0.297551
3.363	0.297203
3.364	0.296855
3.365	0.296507
3.366	0.29616
3.367	0.295813
3.368	0.295466
3.369	0.29512
3.37	0.294774
3.371	0.294428
3.372	0.294083
3.373	0.293738
3.374	0.293394
3.375	0.29305
3.376	0.292706
3.377	0.292362
3.378	0.292019
3.379	0.291676
3.38	0.291334
3.381	0.290992
3.382	0.29065
3.383	0.290309
3.384	0.289968
3.385	0.289627
3.386	0.289286
3.387	0.288946
3.388	0.288607
3.389	0.288267
3.39	0.287928
3.391	0.287589
3.392	0.287251
3.393	0.286913
3.394	0.286575
3.395	0.286238
3.396	0.285901
3.397	0.285564
3.398	0.285228
3.399	0.284892
3.4	0.284556
3.401	0.284221
3.402	0.283886
3.403	0.283551
3.404	0.283217
3.405	0.282883
3.406	0.282549
3.407	0.282216
3.408	0.281883
3.409	0.28155
3.41	0.281218
3.411	0.280886
3.412	0.280554
3.413	0.280223
3.414	0.279892
3.415	0.279561
3.416	0.279231
3.417	0.278901
3.418	0.278571
3.419	0.278242
3.42	0.277913
3.421	0.277584
3.422	0.277256
3.423	0.276928
3.424	0.2766
3.425	0.276272
3.426	0.275945
3.427	0.275619
3.428	0.275292
3.429	0.274966
3.43	0.27464
3.431	0.274315
3.432	0.27399
3.433	0.273665
3.434	0.273341
3.435	0.273016
3.436	0.272693
3.437	0.272369
3.438	0.272046
3.439	0.271723
3.44	0.271401
3.441	0.271078
3.442	0.270757
3.443	0.270435
3.444	0.270114
3.445	0.269793
3.446	0.269472
3.447	0.269152
3.448	0.268832
3.449	0.268512
3.45	0.268193
3.451	0.267874
3.452	0.267555
3.453	0.267237
3.454	0.266919
3.455	0.266601
3.456	0.266284
3.457	0.265967
3.458	0.26565
3.459	0.265334
3.46	0.265018
3.461	0.264702
3.462	0.264386
3.463	0.264071
3.464	0.263756
3.465	0.263442
3.466	0.263127
3.467	0.262813
3.468	0.2625
3.469	0.262187
3.47	0.261874
3.471	0.261561
3.472	0.261249
3.473	0.260936
3.474	0.260625
3.475	0.260313
3.476	0.260002
3.477	0.259691
3.478	0.259381
3.479	0.259071
3.48	0.258761
3.481	0.258451
3.482	0.258142
3.483	0.257833
3.484	0.257524
3.485	0.257216
3.486	0.256908
3.487	0.2566
3.488	0.256293
3.489	0.255986
3.49	0.255679
3.491	0.255373
3.492	0.255066
3.493	0.254761
3.494	0.254455
3.495	0.25415
3.496	0.253845
3.497	0.25354
3.498	0.253236
3.499	0.252932
3.5	0.252628
3.501	0.252325
3.502	0.252021
3.503	0.251719
3.504	0.251416
3.505	0.251114
3.506	0.250812
3.507	0.25051
3.508	0.250209
3.509	0.249908
3.51	0.249607
3.511	0.249307
3.512	0.249007
3.513	0.248707
3.514	0.248407
3.515	0.248108
3.516	0.247809
3.517	0.247511
3.518	0.247212
3.519	0.246914
3.52	0.246617
3.521	0.246319
3.522	0.246022
3.523	0.245725
3.524	0.245429
3.525	0.245132
3.526	0.244837
3.527	0.244541
3.528	0.244246
3.529	0.24395
3.53	0.243656
3.531	0.243361
3.532	0.243067
3.533	0.242773
3.534	0.24248
3.535	0.242186
3.536	0.241893
3.537	0.241601
3.538	0.241308
3.539	0.241016
3.54	0.240724
3.541	0.240433
3.542	0.240141
3.543	0.239851
3.544	0.23956
3.545	0.239269
3.546	0.238979
3.547	0.23869
3.548	0.2384
3.549	0.238111
3.55	0.237822
3.551	0.237533
3.552	0.237245
3.553	0.236957
3.554	0.236669
3.555	0.236382
3.556	0.236094
3.557	0.235808
3.558	0.235521
3.559	0.235235
3.56	0.234949
3.561	0.234663
3.562	0.234377
3.563	0.234092
3.564	0.233807
3.565	0.233523
3.566	0.233238
3.567	0.232954
3.568	0.23267
3.569	0.232387
3.57	0.232104
3.571	0.231821
3.572	0.231538
3.573	0.231256
3.574	0.230974
3.575	0.230692
3.576	0.23041
3.577	0.230129
3.578	0.229848
3.579	0.229568
3.58	0.229287
3.581	0.229007
3.582	0.228727
3.583	0.228448
3.584	0.228168
3.585	0.227889
3.586	0.227611
3.587	0.227332
3.588	0.227054
3.589	0.226776
3.59	0.226499
3.591	0.226221
3.592	0.225944
3.593	0.225668
3.594	0.225391
3.595	0.225115
3.596	0.224839
3.597	0.224563
3.598	0.224288
3.599	0.224013
3.6	0.223738
3.601	0.223463
3.602	0.223189
3.603	0.222915
3.604	0.222641
3.605	0.222368
3.606	0.222095
3.607	0.221822
3.608	0.221549
3.609	0.221277
3.61	0.221005
3.611	0.220733
3.612	0.220461
3.613	0.22019
3.614	0.219919
3.615	0.219648
3.616	0.219378
3.617	0.219108
3.618	0.218838
3.619	0.218568
3.62	0.218299
3.621	0.218029
3.622	0.217761
3.623	0.217492
3.624	0.217224
3.625	0.216956
3.626	0.216688
3.627	0.21642
3.628	0.216153
3.629	0.215886
3.63	0.215619
3.631	0.215353
3.632	0.215087
3.633	0.214821
3.634	0.214555
3.635	0.21429
3.636	0.214025
3.637	0.21376
3.638	0.213495
3.639	0.213231
3.64	0.212967
3.641	0.212703
3.642	0.21244
3.643	0.212176
3.644	0.211913
3.645	0.211651
3.646	0.211388
3.647	0.211126
3.648	0.210864
3.649	0.210602
3.65	0.210341
3.651	0.21008
3.652	0.209819
3.653	0.209558
3.654	0.209298
3.655	0.209038
3.656	0.208778
3.657	0.208518
3.658	0.208259
3.659	0.208
3.66	0.207741
3.661	0.207482
3.662	0.207224
3.663	0.206966
3.664	0.206708
3.665	0.206451
3.666	0.206193
3.667	0.205936
3.668	0.205679
3.669	0.205423
3.67	0.205167
3.671	0.204911
3.672	0.204655
3.673	0.204399
3.674	0.204144
3.675	0.203889
3.676	0.203635
3.677	0.20338
3.678	0.203126
3.679	0.202872
3.68	0.202618
3.681	0.202365
3.682	0.202112
3.683	0.201859
3.684	0.201606
3.685	0.201353
3.686	0.201101
3.687	0.200849
3.688	0.200598
3.689	0.200346
3.69	0.200095
3.691	0.199844
3.692	0.199593
3.693	0.199343
3.694	0.199093
3.695	0.198843
3.696	0.198593
3.697	0.198344
3.698	0.198095
3.699	0.197846
3.7	0.197597
3.701	0.197349
3.702	0.1971
3.703	0.196852
3.704	0.196605
3.705	0.196357
3.706	0.19611
3.707	0.195863
3.708	0.195616
3.709	0.19537
3.71	0.195124
3.711	0.194878
3.712	0.194632
3.713	0.194387
3.714	0.194141
3.715	0.193896
3.716	0.193652
3.717	0.193407
3.718	0.193163
3.719	0.192919
3.72	0.192675
3.721	0.192432
3.722	0.192188
3.723	0.191945
3.724	0.191703
3.725	0.19146
3.726	0.191218
3.727	0.190976
3.728	0.190734
3.729	0.190492
3.73	0.190251
3.731	0.19001
3.732	0.189769
3.733	0.189528
3.734	0.189288
3.735	0.189048
3.736	0.188808
3.737	0.188568
3.738	0.188329
3.739	0.18809
3.74	0.187851
3.741	0.187612
3.742	0.187374
3.743	0.187135
3.744	0.186897
3.745	0.18666
3.746	0.186422
3.747	0.186185
3.748	0.185948
3.749	0.185711
3.75	0.185475
3.751	0.185238
3.752	0.185002
3.753	0.184766
3.754	0.184531
3.755	0.184295
3.756	0.18406
3.757	0.183825
3.758	0.183591
3.759	0.183356
3.76	0.183122
3.761	0.182888
3.762	0.182654
3.763	0.182421
3.764	0.182188
3.765	0.181955
3.766	0.181722
3.767	0.181489
3.768	0.181257
3.769	0.181025
3.77	0.180793
3.771	0.180561
3.772	0.18033
3.773	0.180099
3.774	0.179868
3.775	0.179637
3.776	0.179406
3.777	0.179176
3.778	0.178946
3.779	0.178716
3.78	0.178487
3.781	0.178257
3.782	0.178028
3.783	0.1778
3.784	0.177571
3.785	0.177342
3.786	0.177114
3.787	0.176886
3.788	0.176659
3.789	0.176431
3.79	0.176204
3.791	0.175977
3.792	0.17575
3.793	0.175523
3.794	0.175297
3.795	0.175071
3.796	0.174845
3.797	0.174619
3.798	0.174394
3.799	0.174168
3.8	0.173943
3.801	0.173719
3.802	0.173494
3.803	0.17327
3.804	0.173046
3.805	0.172822
3.806	0.172598
3.807	0.172375
3.808	0.172151
3.809	0.171928
3.81	0.171706
3.811	0.171483
3.812	0.171261
3.813	0.171039
3.814	0.170817
3.815	0.170595
3.816	0.170374
3.817	0.170152
3.818	0.169931
3.819	0.169711
3.82	0.16949
3.821	0.16927
3.822	0.169049
3.823	0.16883
3.824	0.16861
3.825	0.16839
3.826	0.168171
3.827	0.167952
3.828	0.167733
3.829	0.167515
3.83	0.167296
3.831	0.167078
3.832	0.16686
3.833	0.166643
3.834	0.166425
3.835	0.166208
3.836	0.165991
3.837	0.165774
3.838	0.165557
3.839	0.165341
3.84	0.165125
3.841	0.164909
3.842	0.164693
3.843	0.164477
3.844	0.164262
3.845	0.164047
3.846	0.163832
3.847	0.163617
3.848	0.163403
3.849	0.163189
3.85	0.162975
3.851	0.162761
3.852	0.162547
3.853	0.162334
3.854	0.162121
3.855	0.161908
3.856	0.161695
3.857	0.161482
3.858	0.16127
3.859	0.161058
3.86	0.160846
3.861	0.160634
3.862	0.160423
3.863	0.160211
3.864	0.16
3.865	0.159789
3.866	0.159579
3.867	0.159368
3.868	0.159158
3.869	0.158948
3.87	0.158738
3.871	0.158529
3.872	0.158319
3.873	0.15811
3.874	0.157901
3.875	0.157692
3.876	0.157484
3.877	0.157275
3.878	0.157067
3.879	0.156859
3.88	0.156652
3.881	0.156444
3.882	0.156237
3.883	0.15603
3.884	0.155823
3.885	0.155616
3.886	0.15541
3.887	0.155203
3.888	0.154997
3.889	0.154792
3.89	0.154586
3.891	0.15438
3.892	0.154175
3.893	0.15397
3.894	0.153765
3.895	0.153561
3.896	0.153356
3.897	0.153152
3.898	0.152948
3.899	0.152744
3.9	0.152541
3.901	0.152337
3.902	0.152134
3.903	0.151931
3.904	0.151728
3.905	0.151526
3.906	0.151323
3.907	0.151121
3.908	0.150919
3.909	0.150717
3.91	0.150516
3.911	0.150314
3.912	0.150113
3.913	0.149912
3.914	0.149711
3.915	0.149511
3.916	0.14931
3.917	0.14911
3.918	0.14891
3.919	0.148711
3.92	0.148511
3.921	0.148312
3.922	0.148112
3.923	0.147913
3.924	0.147715
3.925	0.147516
3.926	0.147318
3.927	0.147119
3.928	0.146921
3.929	0.146724
3.93	0.146526
3.931	0.146329
3.932	0.146132
3.933	0.145935
3.934	0.145738
3.935	0.145541
3.936	0.145345
3.937	0.145148
3.938	0.144952
3.939	0.144757
3.94	0.144561
3.941	0.144366
3.942	0.14417
3.943	0.143975
3.944	0.14378
3.945	0.143586
3.946	0.143391
3.947	0.143197
3.948	0.143003
3.949	0.142809
3.95	0.142616
3.951	0.142422
3.952	0.142229
3.953	0.142036
3.954	0.141843
3.955	0.14165
3.956	0.141458
3.957	0.141265
3.958	0.141073
3.959	0.140881
3.96	0.140689
3.961	0.140498
3.962	0.140306
3.963	0.140115
3.964	0.139924
3.965	0.139733
3.966	0.139543
3.967	0.139352
3.968	0.139162
3.969	0.138972
3.97	0.138782
3.971	0.138593
3.972	0.138403
3.973	0.138214
3.974	0.138025
3.975	0.137836
3.976	0.137647
3.977	0.137459
3.978	0.13727
3.979	0.137082
3.98	0.136894
3.981	0.136707
3.982	0.136519
3.983	0.136332
3.984	0.136144
3.985	0.135957
3.986	0.135771
3.987	0.135584
3.988	0.135397
3.989	0.135211
3.99	0.135025
3.991	0.134839
3.992	0.134653
3.993	0.134468
3.994	0.134283
3.995	0.134097
3.996	0.133912
3.997	0.133728
3.998	0.133543
3.999	0.133359
4	0.133174
4.001	0.13299
4.002	0.132807
4.003	0.132623
4.004	0.132439
4.005	0.132256
4.006	0.132073
4.007	0.13189
4.008	0.131707
4.009	0.131525
4.01	0.131342
4.011	0.13116
4.012	0.130978
4.013	0.130796
4.014	0.130614
4.015	0.130433
4.016	0.130252
4.017	0.13007
4.018	0.12989
4.019	0.129709
4.02	0.129528
4.021	0.129348
4.022	0.129168
4.023	0.128988
4.024	0.128808
4.025	0.128628
4.026	0.128448
4.027	0.128269
4.028	0.12809
4.029	0.127911
4.03	0.127732
4.031	0.127554
4.032	0.127375
4.033	0.127197
4.034	0.127019
4.035	0.126841
4.036	0.126663
4.037	0.126486
4.038	0.126308
4.039	0.126131
4.04	0.125954
4.041	0.125777
4.042	0.125601
4.043	0.125424
4.044	0.125248
4.045	0.125072
4.046	0.124896
4.047	0.12472
4.048	0.124544
4.049	0.124369
4.05	0.124194
4.051	0.124019
4.052	0.123844
4.053	0.123669
4.054	0.123495
4.055	0.12332
4.056	0.123146
4.057	0.122972
4.058	0.122798
4.059	0.122624
4.06	0.122451
4.061	0.122278
4.062	0.122104
4.063	0.121931
4.064	0.121759
4.065	0.121586
4.066	0.121413
4.067	0.121241
4.068	0.121069
4.069	0.120897
4.07	0.120725
4.071	0.120554
4.072	0.120382
4.073	0.120211
4.074	0.12004
4.075	0.119869
4.076	0.119698
4.077	0.119528
4.078	0.119357
4.079	0.119187
4.08	0.119017
4.081	0.118847
4.082	0.118677
4.083	0.118508
4.084	0.118338
4.085	0.118169
4.086	0.118
4.087	0.117831
4.088	0.117663
4.089	0.117494
4.09	0.117326
4.091	0.117157
4.092	0.116989
4.093	0.116821
4.094	0.116654
4.095	0.116486
4.096	0.116319
4.097	0.116152
4.098	0.115985
4.099	0.115818
4.1	0.115651
4.101	0.115485
4.102	0.115318
4.103	0.115152
4.104	0.114986
4.105	0.11482
4.106	0.114654
4.107	0.114489
4.108	0.114323
4.109	0.114158
4.11	0.113993
4.111	0.113828
4.112	0.113664
4.113	0.113499
4.114	0.113335
4.115	0.11317
4.116	0.113006
4.117	0.112842
4.118	0.112679
4.119	0.112515
4.12	0.112352
4.121	0.112189
4.122	0.112025
4.123	0.111863
4.124	0.1117
4.125	0.111537
4.126	0.111375
4.127	0.111213
4.128	0.11105
4.129	0.110888
4.13	0.110727
4.131	0.110565
4.132	0.110404
4.133	0.110242
4.134	0.110081
4.135	0.10992
4.136	0.109759
4.137	0.109599
4.138	0.109438
4.139	0.109278
4.14	0.109118
4.141	0.108958
4.142	0.108798
4.143	0.108638
4.144	0.108479
4.145	0.108319
4.146	0.10816
4.147	0.108001
4.148	0.107842
4.149	0.107684
4.15	0.107525
4.151	0.107367
4.152	0.107208
4.153	0.10705
4.154	0.106892
4.155	0.106734
4.156	0.106577
4.157	0.106419
4.158	0.106262
4.159	0.106105
4.16	0.105948
4.161	0.105791
4.162	0.105634
4.163	0.105478
4.164	0.105322
4.165	0.105165
4.166	0.105009
4.167	0.104853
4.168	0.104698
4.169	0.104542
4.17	0.104387
4.171	0.104231
4.172	0.104076
4.173	0.103921
4.174	0.103766
4.175	0.103612
4.176	0.103457
4.177	0.103303
4.178	0.103149
4.179	0.102995
4.18	0.102841
4.181	0.102687
4.182	0.102533
4.183	0.10238
4.184	0.102227
4.185	0.102074
4.186	0.101921
4.187	0.101768
4.188	0.101615
4.189	0.101463
4.19	0.10131
4.191	0.101158
4.192	0.101006
4.193	0.100854
4.194	0.100702
4.195	0.100551
4.196	0.100399
4.197	0.100248
4.198	0.100097
4.199	0.099946
4.2	0.0997951
4.201	0.0996444
4.202	0.0994939
4.203	0.0993435
4.204	0.0991933
4.205	0.0990432
4.206	0.0988933
4.207	0.0987435
4.208	0.0985938
4.209	0.0984444
4.21	0.098295
4.211	0.0981458
4.212	0.0979968
4.213	0.0978479
4.214	0.0976991
4.215	0.0975506
4.216	0.0974021
4.217	0.0972538
4.218	0.0971057
4.219	0.0969577
4.22	0.0968098
4.221	0.0966621
4.222	0.0965146
4.223	0.0963671
4.224	0.0962199
4.225	0.0960728
4.226	0.0959258
4.227	0.095779
4.228	0.0956323
4.229	0.0954858
4.23	0.0953394
4.231	0.0951932
4.232	0.0950471
4.233	0.0949011
4.234	0.0947553
4.235	0.0946097
4.236	0.0944642
4.237	0.0943188
4.238	0.0941736
4.239	0.0940285
4.24	0.0938836
4.241	0.0937388
4.242	0.0935942
4.243	0.0934497
4.244	0.0933053
4.245	0.0931611
4.246	0.0930171
4.247	0.0928732
4.248	0.0927294
4.249	0.0925858
4.25	0.0924423
4.251	0.0922989
4.252	0.0921558
4.253	0.0920127
4.254	0.0918698
4.255	0.091727
4.256	0.0915844
4.257	0.0914419
4.258	0.0912996
4.259	0.0911574
4.26	0.0910153
4.261	0.0908734
4.262	0.0907316
4.263	0.09059
4.264	0.0904485
4.265	0.0903072
4.266	0.090166
4.267	0.0900249
4.268	0.089884
4.269	0.0897432
4.27	0.0896025
4.271	0.089462
4.272	0.0893217
4.273	0.0891815
4.274	0.0890414
4.275	0.0889014
4.276	0.0887616
4.277	0.088622
4.278	0.0884825
4.279	0.0883431
4.28	0.0882038
4.281	0.0880647
4.282	0.0879258
4.283	0.0877869
4.284	0.0876483
4.285	0.0875097
4.286	0.0873713
4.287	0.087233
4.288	0.0870949
4.289	0.0869569
4.29	0.086819
4.291	0.0866813
4.292	0.0865437
4.293	0.0864063
4.294	0.086269
4.295	0.0861318
4.296	0.0859948
4.297	0.0858579
4.298	0.0857211
4.299	0.0855845
4.3	0.085448
4.301	0.0853117
4.302	0.0851755
4.303	0.0850394
4.304	0.0849034
4.305	0.0847676
4.306	0.084632
4.307	0.0844964
4.308	0.084361
4.309	0.0842258
4.31	0.0840906
4.311	0.0839556
4.312	0.0838208
4.313	0.0836861
4.314	0.0835515
4.315	0.083417
4.316	0.0832827
4.317	0.0831485
4.318	0.0830145
4.319	0.0828805
4.32	0.0827468
4.321	0.0826131
4.322	0.0824796
4.323	0.0823462
4.324	0.082213
4.325	0.0820798
4.326	0.0819469
4.327	0.081814
4.328	0.0816813
4.329	0.0815487
4.33	0.0814163
4.331	0.0812839
4.332	0.0811518
4.333	0.0810197
4.334	0.0808878
4.335	0.080756
4.336	0.0806243
4.337	0.0804928
4.338	0.0803614
4.339	0.0802301
4.34	0.080099
4.341	0.079968
4.342	0.0798371
4.343	0.0797064
4.344	0.0795758
4.345	0.0794453
4.346	0.0793149
4.347	0.0791847
4.348	0.0790546
4.349	0.0789247
4.35	0.0787948
4.351	0.0786651
4.352	0.0785356
4.353	0.0784061
4.354	0.0782768
4.355	0.0781476
4.356	0.0780186
4.357	0.0778897
4.358	0.0777609
4.359	0.0776322
4.36	0.0775037
4.361	0.0773752
4.362	0.077247
4.363	0.0771188
4.364	0.0769908
4.365	0.0768629
4.366	0.0767351
4.367	0.0766075
4.368	0.07648
4.369	0.0763526
4.37	0.0762253
4.371	0.0760982
4.372	0.0759712
4.373	0.0758443
4.374	0.0757176
4.375	0.0755909
4.376	0.0754644
4.377	0.0753381
4.378	0.0752118
4.379	0.0750857
4.38	0.0749597
4.381	0.0748338
4.382	0.0747081
4.383	0.0745825
4.384	0.074457
4.385	0.0743316
4.386	0.0742064
4.387	0.0740813
4.388	0.0739563
4.389	0.0738314
4.39	0.0737067
4.391	0.0735821
4.392	0.0734576
4.393	0.0733332
4.394	0.073209
4.395	0.0730848
4.396	0.0729609
4.397	0.072837
4.398	0.0727132
4.399	0.0725896
4.4	0.0724661
4.401	0.0723427
4.402	0.0722195
4.403	0.0720964
4.404	0.0719734
4.405	0.0718505
4.406	0.0717277
4.407	0.0716051
4.408	0.0714826
4.409	0.0713602
4.41	0.0712379
4.411	0.0711158
4.412	0.0709937
4.413	0.0708718
4.414	0.0707501
4.415	0.0706284
4.416	0.0705069
4.417	0.0703854
4.418	0.0702641
4.419	0.070143
4.42	0.0700219
4.421	0.069901
4.422	0.0697802
4.423	0.0696595
4.424	0.0695389
4.425	0.0694185
4.426	0.0692981
4.427	0.0691779
4.428	0.0690578
4.429	0.0689379
4.43	0.068818
4.431	0.0686983
4.432	0.0685787
4.433	0.0684592
4.434	0.0683398
4.435	0.0682206
4.436	0.0681014
4.437	0.0679824
4.438	0.0678635
4.439	0.0677448
4.44	0.0676261
4.441	0.0675076
4.442	0.0673891
4.443	0.0672708
4.444	0.0671527
4.445	0.0670346
4.446	0.0669166
4.447	0.0667988
4.448	0.0666811
4.449	0.0665635
4.45	0.066446
4.451	0.0663287
4.452	0.0662114
4.453	0.0660943
4.454	0.0659773
4.455	0.0658604
4.456	0.0657437
4.457	0.065627
4.458	0.0655105
4.459	0.065394
4.46	0.0652777
4.461	0.0651615
4.462	0.0650455
4.463	0.0649295
4.464	0.0648137
4.465	0.0646979
4.466	0.0645823
4.467	0.0644668
4.468	0.0643514
4.469	0.0642362
4.47	0.064121
4.471	0.064006
4.472	0.0638911
4.473	0.0637763
4.474	0.0636616
4.475	0.063547
4.476	0.0634325
4.477	0.0633182
4.478	0.063204
4.479	0.0630899
4.48	0.0629758
4.481	0.062862
4.482	0.0627482
4.483	0.0626345
4.484	0.062521
4.485	0.0624075
4.486	0.0622942
4.487	0.062181
4.488	0.0620679
4.489	0.0619549
4.49	0.0618421
4.491	0.0617293
4.492	0.0616167
4.493	0.0615041
4.494	0.0613917
4.495	0.0612794
4.496	0.0611672
4.497	0.0610551
4.498	0.0609432
4.499	0.0608313
4.5	0.0607195
4.501	0.0606079
4.502	0.0604964
4.503	0.060385
4.504	0.0602737
4.505	0.0601625
4.506	0.0600514
4.507	0.0599404
4.508	0.0598296
4.509	0.0597188
4.51	0.0596082
4.511	0.0594977
4.512	0.0593873
4.513	0.059277
4.514	0.0591668
4.515	0.0590567
4.516	0.0589467
4.517	0.0588369
4.518	0.0587271
4.519	0.0586175
4.52	0.0585079
4.521	0.0583985
4.522	0.0582892
4.523	0.05818
4.524	0.0580709
4.525	0.0579619
4.526	0.057853
4.527	0.0577442
4.528	0.0576356
4.529	0.057527
4.53	0.0574186
4.531	0.0573103
4.532	0.057202
4.533	0.0570939
4.534	0.0569859
4.535	0.056878
4.536	0.0567702
4.537	0.0566625
4.538	0.0565549
4.539	0.0564475
4.54	0.0563401
4.541	0.0562328
4.542	0.0561257
4.543	0.0560186
4.544	0.0559117
4.545	0.0558049
4.546	0.0556982
4.547	0.0555915
4.548	0.055485
4.549	0.0553786
4.55	0.0552723
4.551	0.0551661
4.552	0.0550601
4.553	0.0549541
4.554	0.0548482
4.555	0.0547424
4.556	0.0546368
4.557	0.0545312
4.558	0.0544258
4.559	0.0543204
4.56	0.0542152
4.561	0.05411
4.562	0.054005
4.563	0.0539001
4.564	0.0537953
4.565	0.0536906
4.566	0.053586
4.567	0.0534814
4.568	0.053377
4.569	0.0532728
4.57	0.0531686
4.571	0.0530645
4.572	0.0529605
4.573	0.0528566
4.574	0.0527528
4.575	0.0526492
4.576	0.0525456
4.577	0.0524421
4.578	0.0523388
4.579	0.0522355
4.58	0.0521323
4.581	0.0520293
4.582	0.0519263
4.583	0.0518235
4.584	0.0517208
4.585	0.0516181
4.586	0.0515156
4.587	0.0514131
4.588	0.0513108
4.589	0.0512086
4.59	0.0511064
4.591	0.0510044
4.592	0.0509025
4.593	0.0508007
4.594	0.0506989
4.595	0.0505973
4.596	0.0504958
4.597	0.0503944
4.598	0.0502931
4.599	0.0501919
4.6	0.0500908
4.601	0.0499897
4.602	0.0498888
4.603	0.049788
4.604	0.0496873
4.605	0.0495867
4.606	0.0494862
4.607	0.0493858
4.608	0.0492855
4.609	0.0491853
4.61	0.0490852
4.611	0.0489852
4.612	0.0488853
4.613	0.0487854
4.614	0.0486857
4.615	0.0485861
4.616	0.0484866
4.617	0.0483872
4.618	0.0482879
4.619	0.0481887
4.62	0.0480896
4.621	0.0479906
4.622	0.0478917
4.623	0.0477928
4.624	0.0476941
4.625	0.0475955
4.626	0.047497
4.627	0.0473986
4.628	0.0473003
4.629	0.047202
4.63	0.0471039
4.631	0.0470059
4.632	0.046908
4.633	0.0468101
4.634	0.0467124
4.635	0.0466148
4.636	0.0465172
4.637	0.0464198
4.638	0.0463224
4.639	0.0462252
4.64	0.046128
4.641	0.046031
4.642	0.045934
4.643	0.0458372
4.644	0.0457404
4.645	0.0456437
4.646	0.0455472
4.647	0.0454507
4.648	0.0453543
4.649	0.0452581
4.65	0.0451619
4.651	0.0450658
4.652	0.0449698
4.653	0.0448739
4.654	0.0447781
4.655	0.0446824
4.656	0.0445868
4.657	0.0444913
4.658	0.0443959
4.659	0.0443006
4.66	0.0442053
4.661	0.0441102
4.662	0.0440152
4.663	0.0439202
4.664	0.0438254
4.665	0.0437306
4.666	0.043636
4.667	0.0435414
4.668	0.0434469
4.669	0.0433526
4.67	0.0432583
4.671	0.0431641
4.672	0.04307
4.673	0.042976
4.674	0.0428821
4.675	0.0427883
4.676	0.0426946
4.677	0.042601
4.678	0.0425075
4.679	0.042414
4.68	0.0423207
4.681	0.0422274
4.682	0.0421343
4.683	0.0420412
4.684	0.0419483
4.685	0.0418554
4.686	0.0417626
4.687	0.0416699
4.688	0.0415773
4.689	0.0414848
4.69	0.0413924
4.691	0.0413001
4.692	0.0412079
4.693	0.0411157
4.694	0.0410237
4.695	0.0409317
4.696	0.0408399
4.697	0.0407481
4.698	0.0406564
4.699	0.0405649
4.7	0.0404734
4.701	0.040382
4.702	0.0402907
4.703	0.0401994
4.704	0.0401083
4.705	0.0400173
4.706	0.0399263
4.707	0.0398355
4.708	0.0397447
4.709	0.0396541
4.71	0.0395635
4.711	0.039473
4.712	0.0393826
4.713	0.0392923
4.714	0.0392021
4.715	0.0391119
4.716	0.0390219
4.717	0.0389319
4.718	0.0388421
4.719	0.0387523
4.72	0.0386626
4.721	0.038573
4.722	0.0384835
4.723	0.0383941
4.724	0.0383048
4.725	0.0382156
4.726	0.0381264
4.727	0.0380374
4.728	0.0379484
4.729	0.0378595
4.73	0.0377707
4.731	0.0376821
4.732	0.0375934
4.733	0.0375049
4.734	0.0374165
4.735	0.0373281
4.736	0.0372399
4.737	0.0371517
4.738	0.0370636
4.739	0.0369756
4.74	0.0368877
4.741	0.0367999
4.742	0.0367122
4.743	0.0366246
4.744	0.036537
4.745	0.0364495
4.746	0.0363622
4.747	0.0362749
4.748	0.0361877
4.749	0.0361005
4.75	0.0360135
4.751	0.0359266
4.752	0.0358397
4.753	0.035753
4.754	0.0356663
4.755	0.0355797
4.756	0.0354932
4.757	0.0354067
4.758	0.0353204
4.759	0.0352342
4.76	0.035148
4.761	0.0350619
4.762	0.0349759
4.763	0.03489
4.764	0.0348042
4.765	0.0347185
4.766	0.0346328
4.767	0.0345473
4.768	0.0344618
4.769	0.0343764
4.77	0.0342911
4.771	0.0342059
4.772	0.0341207
4.773	0.0340357
4.774	0.0339507
4.775	0.0338658
4.776	0.033781
4.777	0.0336963
4.778	0.0336117
4.779	0.0335272
4.78	0.0334427
4.781	0.0333583
4.782	0.033274
4.783	0.0331898
4.784	0.0331057
4.785	0.0330217
4.786	0.0329377
4.787	0.0328539
4.788	0.0327701
4.789	0.0326864
4.79	0.0326028
4.791	0.0325192
4.792	0.0324358
4.793	0.0323524
4.794	0.0322691
4.795	0.0321859
4.796	0.0321028
4.797	0.0320198
4.798	0.0319368
4.799	0.031854
4.8	0.0317712
4.801	0.0316885
4.802	0.0316058
4.803	0.0315233
4.804	0.0314409
4.805	0.0313585
4.806	0.0312762
4.807	0.031194
4.808	0.0311119
4.809	0.0310298
4.81	0.0309479
4.811	0.030866
4.812	0.0307842
4.813	0.0307025
4.814	0.0306208
4.815	0.0305393
4.816	0.0304578
4.817	0.0303764
4.818	0.0302951
4.819	0.0302139
4.82	0.0301327
4.821	0.0300517
4.822	0.0299707
4.823	0.0298898
4.824	0.029809
4.825	0.0297282
4.826	0.0296476
4.827	0.029567
4.828	0.0294865
4.829	0.0294061
4.83	0.0293257
4.831	0.0292455
4.832	0.0291653
4.833	0.0290852
4.834	0.0290052
4.835	0.0289252
4.836	0.0288454
4.837	0.0287656
4.838	0.0286859
4.839	0.0286063
4.84	0.0285267
4.841	0.0284473
4.842	0.0283679
4.843	0.0282886
4.844	0.0282094
4.845	0.0281302
4.846	0.0280512
4.847	0.0279722
4.848	0.0278933
4.849	0.0278145
4.85	0.0277357
4.851	0.027657
4.852	0.0275785
4.853	0.0274999
4.854	0.0274215
4.855	0.0273432
4.856	0.0272649
4.857	0.0271867
4.858	0.0271086
4.859	0.0270305
4.86	0.0269526
4.861	0.0268747
4.862	0.0267969
4.863	0.0267191
4.864	0.0266415
4.865	0.0265639
4.866	0.0264864
4.867	0.026409
4.868	0.0263316
4.869	0.0262544
4.87	0.0261772
4.871	0.0261001
4.872	0.026023
4.873	0.0259461
4.874	0.0258692
4.875	0.0257924
4.876	0.0257157
4.877	0.025639
4.878	0.0255624
4.879	0.0254859
4.88	0.0254095
4.881	0.0253332
4.882	0.0252569
4.883	0.0251807
4.884	0.0251046
4.885	0.0250286
4.886	0.0249526
4.887	0.0248767
4.888	0.0248009
4.889	0.0247252
4.89	0.0246495
4.891	0.0245739
4.892	0.0244984
4.893	0.024423
4.894	0.0243476
4.895	0.0242723
4.896	0.0241971
4.897	0.024122
4.898	0.0240469
4.899	0.023972
4.9	0.0238971
4.901	0.0238222
4.902	0.0237475
4.903	0.0236728
4.904	0.0235982
4.905	0.0235236
4.906	0.0234492
4.907	0.0233748
4.908	0.0233005
4.909	0.0232263
4.91	0.0231521
4.911	0.023078
4.912	0.023004
4.913	0.0229301
4.914	0.0228562
4.915	0.0227824
4.916	0.0227087
4.917	0.022635
4.918	0.0225615
4.919	0.022488
4.92	0.0224145
4.921	0.0223412
4.922	0.0222679
4.923	0.0221947
4.924	0.0221216
4.925	0.0220485
4.926	0.0219755
4.927	0.0219026
4.928	0.0218298
4.929	0.021757
4.93	0.0216843
4.931	0.0216117
4.932	0.0215392
4.933	0.0214667
4.934	0.0213943
4.935	0.0213219
4.936	0.0212497
4.937	0.0211775
4.938	0.0211054
4.939	0.0210333
4.94	0.0209614
4.941	0.0208895
4.942	0.0208176
4.943	0.0207459
4.944	0.0206742
4.945	0.0206026
4.946	0.0205311
4.947	0.0204596
4.948	0.0203882
4.949	0.0203169
4.95	0.0202456
4.951	0.0201744
4.952	0.0201033
4.953	0.0200323
4.954	0.0199613
4.955	0.0198904
4.956	0.0198196
4.957	0.0197488
4.958	0.0196781
4.959	0.0196075
4.96	0.019537
4.961	0.0194665
4.962	0.0193961
4.963	0.0193258
4.964	0.0192555
4.965	0.0191853
4.966	0.0191152
4.967	0.0190451
4.968	0.0189751
4.969	0.0189052
4.97	0.0188354
4.971	0.0187656
4.972	0.0186959
4.973	0.0186263
4.974	0.0185567
4.975	0.0184872
4.976	0.0184178
4.977	0.0183484
4.978	0.0182792
4.979	0.0182099
4.98	0.0181408
4.981	0.0180717
4.982	0.0180027
4.983	0.0179338
4.984	0.0178649
4.985	0.0177961
4.986	0.0177273
4.987	0.0176587
4.988	0.0175901
4.989	0.0175216
4.99	0.0174531
4.991	0.0173847
4.992	0.0173164
4.993	0.0172481
4.994	0.0171799
4.995	0.0171118
4.996	0.0170438
4.997	0.0169758
4.998	0.0169079
4.999	0.01684
